100 85 835 12015
457 236 87 117 35 441 453 67 47 263 333 71 360 164 465 502 175 63 97 86 250 182 195 102 333 497 463 209 148 205 315 100 399 164 133 422 237 516 470 387 482 363 465 345 316 124 309 450 256 278 278 175 196 109 89 423 182 310 378 65 354 422 182 388 226 358 29 139 492 129 362 205 248 306 66 348 381 85 386 84 92 378 37 445 390 135 49 302 56 422 77 336 497 283 438 440 464 316 247 432 
33 205 167 275 207 156 280 322 259 123 197 197 313 271 42 269 218 285 95 315 49 37 253 115 110 263 267 271 257 39 134 44 54 140 250 165 28 303 177 275 18 327 176 55 329 268 211 214 287 20 283 226 107 308 64 295 140 276 52 290 306 28 64 302 124 208 104 136 236 163 107 70 40 260 249 215 152 272 218 303 202 220 266 58 311 
0 2
0 36
0 39
0 58
0 60
0 72
1 19
1 33
1 39
1 51
1 59
1 61
1 62
1 66
1 79
1 80
2 43
2 49
2 64
2 66
2 76
3 19
3 23
3 30
3 49
3 55
3 61
3 68
3 83
4 4
4 5
4 16
4 30
4 46
4 47
4 49
4 73
4 83
5 1
5 8
5 20
5 52
5 56
5 60
5 62
5 66
5 79
6 3
6 4
6 5
6 11
6 15
6 22
6 35
6 51
6 70
6 72
7 7
7 15
7 44
7 50
7 57
7 58
7 67
7 74
8 0
8 3
8 14
8 15
8 18
8 20
8 68
8 77
8 79
9 37
9 38
9 43
9 54
9 55
9 56
9 60
9 62
9 73
9 74
10 0
10 19
10 30
10 42
10 45
10 82
11 2
11 4
11 15
11 16
11 23
11 25
11 37
11 40
11 58
11 63
11 68
12 4
12 20
12 40
12 45
12 62
12 84
13 23
13 24
13 70
13 78
14 5
14 6
14 33
14 38
14 47
14 55
14 64
14 68
14 77
15 9
15 10
15 34
15 47
15 66
15 70
16 7
16 35
16 48
16 53
16 79
16 80
16 83
17 39
17 54
17 64
18 5
18 11
18 13
18 27
18 38
18 43
18 62
18 63
18 70
19 18
19 31
19 35
19 48
19 49
19 61
19 66
19 73
19 75
19 78
19 80
20 3
20 6
20 7
20 9
20 12
20 19
20 31
20 37
20 41
20 49
20 59
21 11
21 19
21 39
21 40
21 48
21 49
21 54
21 69
22 13
22 14
22 31
22 34
22 37
22 62
23 7
23 9
23 33
23 34
23 36
23 46
23 84
24 18
24 29
24 32
24 34
24 38
24 39
24 43
24 54
24 68
24 79
24 80
25 22
25 35
25 44
25 57
25 80
26 20
26 32
26 44
26 45
26 51
26 54
26 68
26 69
26 78
26 80
27 20
27 30
27 36
27 48
27 52
27 58
27 65
27 71
27 72
27 74
27 77
27 78
28 4
28 54
28 56
28 59
28 64
28 65
29 11
29 22
29 46
29 66
29 76
30 10
30 24
30 50
30 51
30 74
31 17
31 45
31 54
31 59
31 68
31 71
31 78
32 2
32 14
32 21
32 32
32 43
32 44
32 52
32 56
32 82
33 4
33 5
33 10
33 13
33 38
33 45
33 50
33 52
33 64
34 0
34 20
34 23
34 27
34 42
34 46
34 50
34 60
34 68
34 75
34 80
35 5
35 10
35 12
35 16
35 18
35 37
35 41
35 49
35 54
35 61
35 62
35 69
35 71
36 10
36 27
36 31
36 32
36 54
36 57
36 68
36 78
37 18
37 19
37 24
37 25
37 33
37 52
37 63
37 65
37 72
37 84
38 1
38 9
38 10
38 27
38 36
38 42
38 63
38 69
38 73
38 80
39 27
39 28
39 35
39 59
39 68
39 84
40 17
40 22
40 23
40 27
40 57
40 78
41 11
41 25
41 32
41 43
41 44
41 61
41 63
41 81
42 12
42 13
42 14
42 22
42 56
42 62
42 68
42 74
43 14
43 20
43 25
44 1
44 6
44 7
44 15
44 35
44 42
44 47
44 52
44 64
44 67
45 11
45 29
45 30
45 37
45 54
45 59
45 82
46 4
46 15
46 19
46 28
46 31
46 48
46 55
46 57
46 61
46 65
47 2
47 7
47 15
47 16
47 37
47 48
47 61
47 62
47 64
47 74
48 0
48 30
48 40
48 42
48 50
48 68
48 74
48 75
49 5
49 10
49 34
49 36
49 53
49 67
50 2
50 4
50 9
50 14
50 31
50 35
50 38
50 63
50 73
51 1
51 29
51 30
51 31
51 36
51 56
51 58
51 78
51 79
52 7
52 8
52 15
52 27
52 38
52 72
52 82
52 83
53 16
53 23
53 27
53 31
53 36
53 39
53 56
54 1
54 25
54 35
54 39
54 57
54 59
54 62
54 76
55 0
55 17
55 48
55 55
55 83
56 4
56 5
56 9
56 12
56 16
56 17
56 19
56 20
56 27
56 30
56 39
56 41
56 46
56 48
57 6
57 8
57 10
57 23
57 27
57 28
57 32
57 44
57 45
57 54
57 62
57 71
57 73
57 80
57 81
57 83
58 4
58 9
58 11
58 21
58 27
58 32
58 42
58 56
58 58
58 60
58 79
59 32
59 38
59 41
59 49
59 58
59 66
59 69
60 10
60 22
60 53
60 54
60 63
60 74
60 77
60 81
61 1
61 5
61 9
61 19
61 25
61 30
61 42
61 46
61 47
61 50
61 64
61 65
61 69
61 73
61 78
62 1
62 8
62 15
62 23
62 47
62 52
62 60
62 68
62 77
63 18
63 25
63 28
63 31
63 39
63 44
63 63
63 74
63 77
64 0
64 15
64 52
64 53
64 69
65 3
65 5
65 10
65 16
65 26
65 34
65 38
65 51
65 81
66 3
66 4
66 6
66 7
66 12
66 17
66 21
66 52
66 63
66 70
66 73
67 16
67 40
67 51
67 53
67 66
67 72
67 81
67 83
68 28
68 40
68 62
68 76
69 7
69 13
69 28
69 36
70 12
70 22
70 30
70 36
70 56
70 65
70 66
70 71
71 7
71 9
71 13
71 31
71 32
71 33
71 39
71 46
71 47
71 59
71 61
71 69
71 77
72 4
72 8
72 10
72 16
72 22
72 43
72 67
73 17
73 29
73 31
73 40
73 43
73 47
73 50
73 64
73 68
73 76
73 79
74 5
74 12
74 20
74 67
74 81
74 83
75 3
75 16
75 38
75 43
75 48
75 62
75 71
76 12
76 14
76 23
76 32
76 39
76 47
76 56
76 60
76 62
76 73
76 80
76 83
77 3
77 10
77 20
77 22
77 35
77 46
77 51
77 83
78 25
78 32
78 48
78 56
78 79
79 0
79 9
79 11
79 12
79 17
79 22
79 68
79 73
79 77
79 81
80 1
80 15
80 27
80 42
80 44
80 50
80 59
80 70
81 30
81 31
81 39
81 44
81 46
81 84
82 10
82 19
82 20
82 23
82 30
82 35
82 44
82 60
82 71
82 75
83 11
83 16
83 36
83 38
83 59
83 77
84 9
84 16
84 64
84 69
85 0
85 5
85 9
85 17
85 25
85 61
85 70
85 76
85 82
86 4
86 19
86 20
86 83
87 1
87 8
87 31
87 57
87 58
87 74
87 83
88 2
88 7
88 31
88 37
88 38
88 43
88 63
88 70
88 78
89 0
89 16
89 20
89 26
89 27
89 31
89 32
89 36
89 43
89 54
89 64
89 66
89 70
89 74
89 76
90 43
90 45
90 60
90 61
90 69
90 72
91 2
91 6
91 19
91 27
91 38
91 53
91 56
91 73
91 82
92 12
92 13
92 36
92 44
92 47
92 72
93 8
93 10
93 15
93 17
93 21
93 23
93 36
93 43
93 47
93 56
93 57
93 71
93 81
94 10
94 12
94 21
94 27
94 28
94 35
94 43
94 65
94 71
94 78
95 15
95 18
95 34
95 50
95 53
95 57
95 69
95 73
95 80
96 0
96 3
96 9
96 27
96 39
96 42
96 43
96 44
96 49
96 50
96 67
96 69
96 73
96 74
96 75
97 3
97 14
97 17
97 19
97 20
97 51
97 54
97 62
97 64
97 72
97 81
98 4
98 24
98 25
98 29
98 32
98 37
98 40
98 49
98 82
99 3
99 36
99 42
99 56
99 74
