300 300 8805 38289
123 282 189 306 92 192 98 178 431 222 393 308 229 255 374 155 494 203 135 41 520 57 48 419 348 124 492 264 405 313 324 151 460 297 29 65 268 426 356 259 498 187 94 382 100 344 509 320 126 186 203 228 377 157 68 115 456 312 302 84 519 114 380 64 403 169 52 421 327 392 329 424 428 217 458 40 230 402 449 204 52 201 509 383 88 123 301 438 86 317 499 49 407 86 129 269 417 491 149 175 36 286 29 403 105 329 188 433 451 232 71 477 160 176 154 275 115 247 147 260 200 439 151 521 245 182 489 22 407 421 231 64 254 397 46 214 61 107 218 240 482 342 113 278 77 193 159 312 117 128 181 337 100 441 351 304 403 71 325 366 425 67 30 164 132 30 439 50 375 493 95 387 237 158 88 350 478 196 76 34 45 277 146 412 438 141 209 131 45 426 394 424 474 107 408 283 31 508 336 299 269 386 199 324 238 205 88 403 493 188 264 315 254 515 158 106 412 21 362 179 235 228 217 404 499 273 437 160 498 245 342 428 216 444 121 238 295 521 266 140 286 430 116 264 495 68 208 438 68 121 465 246 438 479 189 503 399 54 319 272 477 282 429 188 336 489 382 451 214 159 352 47 480 345 241 121 109 279 253 193 97 140 197 176 206 273 171 92 109 202 77 428 518 257 444 216 91 401 319 120 
62 69 84 136 174 90 328 13 256 196 145 167 310 281 17 156 208 170 153 130 306 311 254 33 28 187 309 18 97 327 161 237 309 293 231 124 208 65 191 200 331 163 320 322 167 148 180 67 182 285 28 290 23 29 285 33 317 246 28 186 134 179 60 268 202 216 330 138 40 87 202 227 72 285 21 66 319 133 194 39 118 163 71 272 18 216 241 161 221 208 298 11 184 260 284 130 161 193 69 211 328 32 310 69 240 80 53 88 41 32 19 35 294 177 47 63 254 160 235 191 291 211 306 97 126 242 62 135 244 219 200 256 287 68 205 210 166 255 256 318 84 33 294 208 227 18 91 71 242 241 148 33 294 302 300 316 297 113 210 148 69 26 240 263 44 308 253 12 156 271 248 170 104 298 138 130 304 28 63 237 78 63 267 327 303 265 257 238 43 156 25 192 151 166 74 49 259 219 290 211 316 162 15 170 47 239 43 177 125 134 194 281 320 242 222 26 243 140 149 331 157 326 150 60 215 19 277 278 204 282 137 74 21 293 261 302 321 11 161 275 213 299 146 101 210 55 76 73 271 245 73 173 94 231 58 27 217 132 291 53 31 202 73 45 232 24 105 86 19 303 143 112 301 148 296 39 146 59 247 289 100 317 201 162 140 65 167 212 46 147 119 315 58 28 41 285 112 35 78 154 
0 17
0 18
0 28
0 44
0 63
0 82
0 92
0 104
0 124
0 131
0 146
0 148
0 166
0 224
0 226
0 240
0 262
0 263
0 269
0 278
0 290
0 296
0 297
0 298
1 4
1 8
1 11
1 12
1 22
1 27
1 35
1 41
1 44
1 92
1 93
1 124
1 132
1 135
1 138
1 145
1 154
1 184
1 187
1 203
1 210
1 218
1 219
1 244
1 261
1 271
1 284
1 296
2 7
2 16
2 18
2 26
2 30
2 35
2 48
2 50
2 75
2 98
2 105
2 115
2 123
2 130
2 144
2 145
2 148
2 150
2 159
2 165
2 170
2 175
2 185
2 198
2 204
2 209
2 211
2 225
2 227
2 233
2 244
2 249
2 251
2 268
2 280
2 296
3 1
3 16
3 20
3 21
3 47
3 49
3 65
3 68
3 72
3 79
3 83
3 106
3 114
3 120
3 121
3 137
3 144
3 174
3 175
3 176
3 177
3 184
3 204
3 205
3 222
3 234
3 236
3 240
3 247
3 253
3 258
3 261
3 266
3 270
3 271
3 282
3 284
3 287
4 8
4 19
4 38
4 54
4 56
4 57
4 68
4 69
4 88
4 101
4 107
4 133
4 134
4 139
4 157
4 159
4 161
4 184
4 185
4 221
4 230
4 240
4 244
4 249
4 253
4 269
4 271
4 278
4 294
4 295
4 296
5 29
5 32
5 47
5 60
5 69
5 74
5 78
5 81
5 87
5 96
5 122
5 125
5 130
5 131
5 140
5 145
5 155
5 156
5 171
5 180
5 188
5 205
5 207
5 208
5 230
5 249
5 257
5 273
6 6
6 8
6 21
6 27
6 51
6 54
6 93
6 100
6 113
6 129
6 150
6 176
6 180
6 189
6 195
6 206
6 211
6 214
6 225
6 232
6 255
6 264
6 293
6 298
7 0
7 49
7 52
7 69
7 75
7 79
7 82
7 84
7 86
7 87
7 90
7 99
7 125
7 129
7 149
7 155
7 158
7 159
7 177
7 186
7 204
7 229
7 235
7 238
7 240
7 241
7 250
7 272
7 276
7 287
8 5
8 25
8 45
8 47
8 64
8 68
8 76
8 85
8 99
8 108
8 112
8 126
8 135
8 137
8 139
8 140
8 145
8 149
8 150
8 151
8 162
8 173
8 202
8 208
8 211
8 232
8 258
9 0
9 7
9 8
9 9
9 36
9 38
9 50
9 69
9 93
9 94
9 104
9 112
9 124
9 130
9 141
9 145
9 151
9 154
9 164
9 169
9 171
9 172
9 174
9 177
9 195
9 199
9 202
9 219
9 222
9 285
9 286
9 295
9 296
10 14
10 29
10 38
10 50
10 54
10 58
10 82
10 91
10 94
10 111
10 115
10 125
10 145
10 147
10 152
10 154
10 158
10 176
10 179
10 191
10 198
10 223
10 228
10 230
10 243
10 246
10 253
10 258
10 274
10 284
10 295
11 5
11 20
11 32
11 48
11 72
11 93
11 100
11 104
11 116
11 130
11 135
11 141
11 150
11 151
11 163
11 178
11 201
11 220
11 224
11 246
11 247
11 252
11 254
11 257
11 262
11 268
11 279
11 283
12 15
12 16
12 51
12 58
12 66
12 85
12 87
12 88
12 92
12 110
12 113
12 116
12 117
12 123
12 125
12 163
12 164
12 212
12 214
12 215
12 232
12 237
12 240
12 253
12 258
12 263
12 264
12 271
12 276
12 277
12 299
13 4
13 11
13 28
13 43
13 53
13 56
13 58
13 69
13 70
13 71
13 77
13 88
13 103
13 109
13 110
13 124
13 126
13 134
13 153
13 169
13 199
13 204
13 207
13 211
13 218
13 253
13 271
14 1
14 2
14 10
14 12
14 21
14 31
14 33
14 34
14 45
14 88
14 92
14 107
14 130
14 134
14 140
14 160
14 172
14 177
14 179
14 186
14 192
14 205
14 283
14 290
14 292
14 296
15 28
15 43
15 55
15 60
15 70
15 76
15 93
15 97
15 100
15 114
15 126
15 143
15 145
15 147
15 159
15 177
15 202
15 212
15 219
15 232
15 240
15 250
15 266
15 286
15 289
15 296
16 15
16 17
16 21
16 34
16 37
16 43
16 56
16 73
16 76
16 92
16 94
16 104
16 109
16 119
16 120
16 156
16 157
16 181
16 192
16 218
16 231
16 233
16 251
16 258
16 266
17 9
17 17
17 24
17 36
17 61
17 111
17 124
17 127
17 131
17 132
17 133
17 141
17 158
17 162
17 167
17 187
17 190
17 191
17 208
17 218
17 239
17 243
17 250
18 9
18 12
18 13
18 25
18 52
18 58
18 59
18 64
18 68
18 80
18 82
18 92
18 105
18 125
18 163
18 164
18 172
18 177
18 190
18 196
18 208
18 231
18 235
18 243
18 244
18 259
18 265
18 289
18 299
19 11
19 21
19 61
19 62
19 65
19 101
19 107
19 134
19 152
19 154
19 155
19 159
19 175
19 177
19 186
19 208
19 246
19 252
19 256
19 263
19 274
20 1
20 11
20 13
20 26
20 34
20 36
20 52
20 53
20 64
20 87
20 92
20 99
20 103
20 104
20 107
20 112
20 122
20 133
20 134
20 162
20 188
20 212
20 218
20 222
20 227
20 235
20 240
20 246
20 248
20 249
20 254
20 260
20 267
20 283
21 0
21 1
21 5
21 6
21 45
21 49
21 52
21 54
21 57
21 66
21 81
21 118
21 129
21 132
21 154
21 158
21 164
21 165
21 172
21 174
21 187
21 197
21 218
21 225
21 231
21 240
21 242
21 248
21 254
21 280
21 282
22 1
22 25
22 30
22 37
22 44
22 46
22 55
22 61
22 73
22 95
22 111
22 118
22 149
22 182
22 186
22 200
22 202
22 218
22 226
22 229
22 234
22 235
22 239
22 260
22 276
22 278
22 279
22 286
22 287
23 23
23 25
23 32
23 36
23 42
23 53
23 59
23 79
23 80
23 95
23 107
23 122
23 164
23 176
23 184
23 188
23 193
23 202
23 204
23 219
23 234
23 237
23 264
23 271
23 278
24 2
24 25
24 39
24 42
24 54
24 62
24 63
24 67
24 76
24 87
24 88
24 91
24 93
24 105
24 106
24 122
24 133
24 145
24 150
24 172
24 191
24 210
24 222
24 235
24 239
24 243
24 250
24 253
24 258
24 270
24 273
24 281
25 14
25 24
25 32
25 34
25 53
25 56
25 65
25 69
25 98
25 120
25 131
25 163
25 166
25 167
25 202
25 208
25 218
25 233
25 238
25 283
25 286
25 288
25 290
26 12
26 33
26 43
26 46
26 81
26 88
26 91
26 92
26 125
26 133
26 155
26 169
26 170
26 193
26 219
26 225
26 236
26 239
26 242
26 246
27 2
27 10
27 12
27 18
27 50
27 56
27 58
27 63
27 70
27 75
27 77
27 78
27 80
27 91
27 101
27 107
27 108
27 109
27 116
27 125
27 128
27 134
27 152
27 168
27 208
27 217
27 230
27 239
27 247
27 262
27 280
27 282
27 287
27 297
28 6
28 7
28 13
28 24
28 50
28 52
28 59
28 99
28 112
28 139
28 140
28 146
28 174
28 220
28 229
28 230
28 242
28 246
28 251
28 264
28 266
28 272
28 277
28 296
29 14
29 39
29 63
29 101
29 105
29 119
29 131
29 136
29 143
29 147
29 157
29 161
29 167
29 189
29 192
29 194
29 197
29 200
29 202
29 228
29 230
29 238
29 259
29 263
29 269
29 270
29 275
29 279
30 5
30 18
30 24
30 30
30 32
30 34
30 43
30 52
30 76
30 80
30 89
30 95
30 96
30 115
30 127
30 130
30 144
30 145
30 156
30 170
30 171
30 206
30 208
30 209
30 210
30 229
30 235
30 236
30 268
30 272
30 279
30 285
30 299
31 0
31 8
31 19
31 21
31 39
31 40
31 66
31 73
31 78
31 86
31 88
31 102
31 105
31 129
31 143
31 155
31 156
31 168
31 181
31 205
31 211
31 226
31 227
31 242
31 252
31 256
31 257
31 268
31 276
31 292
32 11
32 14
32 28
32 68
32 78
32 90
32 114
32 116
32 142
32 159
32 165
32 176
32 179
32 183
32 189
32 195
32 219
32 222
32 227
32 243
32 248
32 253
32 256
32 280
32 292
32 293
33 17
33 26
33 28
33 33
33 42
33 59
33 61
33 73
33 83
33 94
33 103
33 106
33 126
33 135
33 149
33 172
33 194
33 195
33 197
33 218
33 239
33 246
33 271
33 280
33 287
33 290
34 7
34 8
34 10
34 22
34 30
34 32
34 37
34 38
34 40
34 45
34 61
34 69
34 78
34 80
34 93
34 94
34 104
34 115
34 144
34 146
34 150
34 153
34 155
34 156
34 160
34 163
34 176
34 177
34 183
34 187
34 207
34 212
34 220
34 230
34 239
34 244
34 249
34 255
34 256
34 267
34 284
34 289
34 290
35 11
35 21
35 25
35 26
35 29
35 36
35 43
35 48
35 68
35 74
35 79
35 80
35 85
35 102
35 110
35 126
35 163
35 166
35 200
35 239
35 252
35 264
35 268
35 274
35 275
35 277
35 278
35 279
36 6
36 10
36 12
36 37
36 48
36 55
36 77
36 98
36 116
36 122
36 123
36 126
36 142
36 165
36 181
36 211
36 220
36 234
36 248
36 249
36 250
36 257
36 261
36 272
36 273
37 7
37 9
37 18
37 20
37 21
37 28
37 40
37 66
37 81
37 89
37 92
37 96
37 132
37 133
37 138
37 171
37 172
37 180
37 198
37 199
37 223
37 227
37 240
37 248
37 260
37 266
38 0
38 3
38 8
38 21
38 48
38 72
38 75
38 78
38 93
38 96
38 98
38 108
38 109
38 113
38 114
38 139
38 150
38 151
38 153
38 156
38 159
38 160
38 161
38 179
38 184
38 196
38 202
38 219
38 220
38 237
38 247
38 255
38 257
38 259
38 265
38 267
38 272
38 287
39 0
39 7
39 10
39 13
39 16
39 21
39 24
39 43
39 60
39 61
39 64
39 81
39 88
39 117
39 121
39 127
39 130
39 131
39 138
39 143
39 144
39 151
39 162
39 165
39 167
39 173
39 178
39 186
39 204
39 208
39 216
39 221
39 230
39 231
39 240
39 248
39 249
39 253
39 258
39 269
39 273
39 275
39 279
40 16
40 18
40 21
40 28
40 31
40 42
40 46
40 52
40 57
40 63
40 117
40 121
40 127
40 132
40 157
40 158
40 178
40 186
40 190
40 191
40 200
40 202
40 203
40 205
40 211
40 227
40 231
40 232
40 233
40 274
40 279
40 284
40 287
41 6
41 28
41 42
41 52
41 67
41 91
41 96
41 104
41 105
41 125
41 132
41 158
41 164
41 166
41 181
41 184
41 189
41 192
41 198
41 223
41 228
41 238
41 243
41 246
41 252
41 254
41 255
41 259
41 266
41 275
41 282
42 2
42 61
42 91
42 98
42 106
42 111
42 139
42 144
42 150
42 202
42 211
42 219
42 230
42 240
42 246
42 253
42 259
42 272
42 284
42 292
42 298
43 17
43 25
43 32
43 36
43 42
43 49
43 53
43 64
43 83
43 92
43 94
43 95
43 107
43 114
43 120
43 127
43 131
43 136
43 143
43 166
43 167
43 174
43 188
43 192
43 195
43 211
43 239
43 243
43 248
43 249
43 260
43 261
43 265
43 266
43 274
43 290
43 291
44 1
44 17
44 18
44 22
44 24
44 25
44 28
44 32
44 49
44 51
44 57
44 106
44 143
44 152
44 154
44 155
44 160
44 163
44 166
44 169
44 175
44 183
44 186
44 188
44 195
44 205
44 219
44 220
44 240
44 296
44 297
45 1
45 25
45 29
45 47
45 70
45 74
45 100
45 121
45 125
45 129
45 131
45 137
45 141
45 144
45 149
45 169
45 176
45 178
45 181
45 194
45 209
45 215
45 226
45 230
45 231
45 233
45 248
45 263
45 264
45 271
45 278
45 286
46 12
46 16
46 23
46 41
46 42
46 44
46 46
46 47
46 48
46 49
46 56
46 61
46 100
46 107
46 121
46 127
46 139
46 140
46 145
46 148
46 153
46 158
46 161
46 163
46 165
46 168
46 175
46 176
46 177
46 190
46 194
46 204
46 222
46 229
46 233
46 237
46 259
46 263
46 293
47 1
47 29
47 37
47 43
47 64
47 68
47 75
47 88
47 90
47 105
47 123
47 129
47 146
47 147
47 162
47 177
47 189
47 199
47 230
47 242
47 252
47 256
47 262
47 275
47 284
48 7
48 14
48 17
48 20
48 30
48 38
48 40
48 49
48 50
48 53
48 61
48 66
48 83
48 98
48 105
48 107
48 114
48 117
48 126
48 139
48 150
48 156
48 160
48 166
48 172
48 183
48 189
48 201
48 207
48 209
48 213
48 226
48 228
48 255
48 266
48 274
48 283
49 5
49 7
49 16
49 60
49 71
49 75
49 85
49 107
49 130
49 141
49 147
49 152
49 179
49 195
49 206
49 218
49 225
49 260
49 271
49 279
49 283
49 289
50 0
50 47
50 58
50 59
50 60
50 77
50 81
50 84
50 88
50 113
50 127
50 139
50 141
50 155
50 159
50 186
50 205
50 212
50 213
50 218
50 224
50 230
50 233
50 242
50 269
50 273
50 276
50 290
50 292
51 12
51 25
51 38
51 42
51 57
51 58
51 65
51 69
51 75
51 100
51 105
51 112
51 113
51 119
51 126
51 130
51 135
51 143
51 148
51 149
51 151
51 154
51 163
51 172
51 178
51 180
51 191
51 225
51 235
51 240
51 250
51 273
51 283
51 286
51 289
52 12
52 48
52 50
52 87
52 95
52 99
52 124
52 140
52 145
52 147
52 151
52 152
52 154
52 170
52 182
52 191
52 204
52 208
52 210
52 213
52 228
52 243
52 248
52 252
52 261
52 282
52 291
53 1
53 5
53 7
53 16
53 17
53 26
53 29
53 34
53 39
53 46
53 51
53 56
53 61
53 64
53 68
53 83
53 91
53 95
53 99
53 106
53 114
53 124
53 130
53 131
53 133
53 145
53 146
53 173
53 176
53 186
53 214
53 226
53 227
53 239
53 241
53 243
53 259
53 271
53 285
54 4
54 5
54 20
54 23
54 24
54 25
54 39
54 43
54 69
54 77
54 99
54 102
54 107
54 121
54 141
54 145
54 146
54 147
54 153
54 186
54 187
54 199
54 210
54 216
54 217
54 223
54 225
54 228
54 230
54 234
54 240
54 254
54 275
54 283
54 298
55 15
55 23
55 31
55 33
55 43
55 65
55 82
55 91
55 122
55 128
55 145
55 161
55 172
55 178
55 206
55 225
55 235
55 251
55 270
55 278
55 280
55 290
56 3
56 37
56 64
56 70
56 85
56 95
56 96
56 108
56 128
56 148
56 193
56 261
56 271
56 281
56 295
57 7
57 36
57 40
57 52
57 60
57 79
57 93
57 100
57 126
57 128
57 132
57 136
57 139
57 159
57 176
57 199
57 207
57 260
57 279
58 4
58 5
58 13
58 20
58 33
58 34
58 37
58 51
58 63
58 64
58 97
58 98
58 104
58 115
58 124
58 125
58 135
58 153
58 168
58 182
58 191
58 222
58 227
58 229
58 246
58 250
58 268
58 272
58 279
58 282
58 299
59 1
59 13
59 25
59 34
59 36
59 65
59 90
59 105
59 107
59 113
59 138
59 143
59 146
59 153
59 155
59 172
59 188
59 203
59 210
59 216
59 223
59 230
59 235
59 241
59 268
59 270
59 273
59 278
59 281
59 287
60 1
60 2
60 11
60 26
60 43
60 57
60 59
60 73
60 94
60 99
60 126
60 132
60 135
60 137
60 138
60 143
60 152
60 181
60 200
60 229
60 231
60 259
61 22
61 23
61 82
61 102
61 124
61 127
61 128
61 129
61 150
61 151
61 163
61 176
61 186
61 187
61 189
61 191
61 204
61 216
61 230
61 246
61 258
61 262
61 286
61 293
61 298
62 3
62 13
62 16
62 34
62 42
62 43
62 46
62 87
62 91
62 94
62 106
62 108
62 109
62 111
62 115
62 137
62 147
62 149
62 161
62 167
62 187
62 201
62 203
62 205
62 215
62 221
62 227
62 243
62 249
62 258
62 260
62 268
62 270
62 276
62 278
62 286
62 287
62 295
63 7
63 10
63 14
63 17
63 37
63 40
63 57
63 62
63 88
63 106
63 114
63 121
63 130
63 133
63 145
63 148
63 164
63 172
63 177
63 185
63 203
63 224
63 246
63 262
63 277
63 282
63 298
64 9
64 22
64 26
64 38
64 68
64 72
64 82
64 85
64 119
64 120
64 137
64 138
64 147
64 157
64 166
64 171
64 178
64 183
64 188
64 191
64 192
64 194
64 213
64 216
64 231
64 247
64 248
64 252
64 259
64 261
64 263
64 264
65 21
65 22
65 32
65 39
65 65
65 69
65 91
65 97
65 114
65 123
65 125
65 130
65 153
65 157
65 160
65 188
65 197
65 199
65 204
65 205
65 230
65 239
65 254
65 259
65 263
65 266
65 275
65 283
65 289
65 290
66 7
66 9
66 25
66 43
66 52
66 58
66 62
66 68
66 83
66 85
66 136
66 138
66 156
66 161
66 174
66 183
66 188
66 192
66 220
66 227
66 254
66 273
66 279
66 281
66 293
67 30
67 47
67 48
67 73
67 74
67 75
67 96
67 98
67 147
67 157
67 167
67 168
67 191
67 201
67 235
67 238
67 247
67 255
67 261
67 283
67 284
67 289
68 10
68 35
68 41
68 50
68 65
68 74
68 101
68 133
68 154
68 157
68 158
68 163
68 167
68 169
68 197
68 208
68 215
68 220
68 227
68 232
68 243
68 245
68 267
68 271
68 278
68 279
68 286
68 296
69 8
69 9
69 26
69 27
69 40
69 50
69 57
69 68
69 103
69 107
69 113
69 119
69 122
69 128
69 140
69 144
69 151
69 157
69 161
69 162
69 165
69 204
69 212
69 248
69 264
69 278
70 40
70 41
70 46
70 51
70 54
70 58
70 64
70 76
70 86
70 98
70 100
70 101
70 104
70 109
70 116
70 127
70 144
70 152
70 192
70 228
70 249
70 285
70 289
71 23
71 26
71 48
71 53
71 62
71 72
71 75
71 79
71 83
71 87
71 104
71 119
71 123
71 131
71 172
71 173
71 179
71 183
71 189
71 202
71 204
71 220
71 232
71 233
71 235
71 237
71 238
71 239
71 249
71 256
71 267
71 280
71 287
71 288
72 22
72 63
72 70
72 80
72 82
72 97
72 102
72 103
72 134
72 140
72 151
72 202
72 203
72 209
72 229
72 232
72 251
72 266
72 270
72 283
72 288
72 291
72 293
73 4
73 18
73 21
73 33
73 48
73 49
73 53
73 59
73 65
73 69
73 73
73 75
73 80
73 102
73 104
73 106
73 138
73 141
73 155
73 165
73 183
73 229
73 247
73 251
73 257
73 264
73 266
73 275
73 286
73 290
73 293
74 3
74 10
74 27
74 28
74 60
74 75
74 89
74 114
74 119
74 185
74 195
74 229
74 230
74 231
74 240
74 249
74 252
74 257
74 267
74 275
74 287
74 292
75 17
75 23
75 24
75 37
75 39
75 40
75 56
75 64
75 81
75 98
75 102
75 105
75 110
75 117
75 122
75 124
75 126
75 146
75 153
75 162
75 185
75 195
75 220
75 244
75 245
75 263
75 271
75 276
75 277
75 283
75 286
75 290
75 298
75 299
76 1
76 4
76 6
76 19
76 20
76 23
76 44
76 60
76 76
76 79
76 84
76 91
76 94
76 102
76 124
76 125
76 130
76 133
76 140
76 150
76 153
76 163
76 174
76 212
76 220
76 234
76 256
76 264
76 265
76 277
76 281
76 288
77 3
77 7
77 45
77 77
77 94
77 96
77 102
77 109
77 111
77 119
77 125
77 131
77 141
77 155
77 162
77 163
77 174
77 175
77 184
77 191
77 194
77 202
77 230
77 234
77 260
77 262
77 274
77 282
77 284
78 3
78 7
78 9
78 12
78 24
78 26
78 35
78 40
78 41
78 42
78 66
78 73
78 77
78 83
78 113
78 117
78 135
78 138
78 141
78 159
78 164
78 178
78 190
78 197
78 203
78 213
78 223
78 236
78 245
78 251
78 258
78 293
78 294
79 15
79 22
79 27
79 36
79 70
79 86
79 106
79 111
79 120
79 129
79 148
79 158
79 169
79 178
79 200
79 209
79 214
79 252
79 269
79 270
79 280
80 10
80 15
80 48
80 51
80 52
80 57
80 65
80 66
80 67
80 69
80 72
80 92
80 98
80 106
80 114
80 125
80 127
80 141
80 152
80 184
80 187
80 206
80 207
80 209
80 211
80 220
80 221
80 250
80 270
80 271
80 278
80 296
81 14
81 16
81 19
81 21
81 43
81 45
81 60
81 70
81 79
81 84
81 85
81 88
81 99
81 100
81 109
81 110
81 118
81 126
81 130
81 132
81 139
81 151
81 161
81 177
81 179
81 183
81 185
81 197
81 203
81 209
81 216
81 248
81 256
81 261
81 264
81 281
81 294
82 0
82 3
82 18
82 28
82 29
82 41
82 47
82 49
82 52
82 73
82 76
82 87
82 96
82 108
82 114
82 119
82 122
82 124
82 136
82 141
82 151
82 169
82 172
82 190
82 197
82 200
82 213
82 254
82 260
82 264
82 272
82 279
82 289
82 292
83 3
83 34
83 50
83 71
83 92
83 100
83 101
83 111
83 134
83 162
83 185
83 188
83 189
83 198
83 204
83 206
83 210
83 216
83 226
83 227
83 247
83 258
83 270
83 271
83 281
83 287
83 297
83 299
84 7
84 17
84 33
84 40
84 86
84 105
84 116
84 121
84 148
84 158
84 166
84 175
84 176
84 179
84 186
84 196
84 206
84 209
84 214
84 231
84 251
84 263
84 264
84 268
84 282
84 298
85 5
85 23
85 26
85 44
85 54
85 72
85 78
85 90
85 95
85 123
85 137
85 143
85 148
85 149
85 150
85 163
85 169
85 173
85 183
85 190
85 192
85 201
85 203
85 207
85 230
85 231
85 247
85 252
85 273
85 275
85 278
85 279
85 285
85 289
86 5
86 10
86 39
86 40
86 58
86 67
86 93
86 98
86 106
86 122
86 132
86 138
86 149
86 150
86 181
86 190
86 191
86 199
86 224
86 243
86 249
86 260
86 262
87 16
87 20
87 47
87 55
87 59
87 64
87 69
87 70
87 94
87 108
87 118
87 128
87 144
87 146
87 151
87 169
87 176
87 183
87 185
87 193
87 217
87 231
87 236
87 246
87 278
87 284
87 295
87 298
88 22
88 23
88 37
88 42
88 45
88 47
88 62
88 68
88 69
88 80
88 89
88 105
88 121
88 171
88 189
88 191
88 208
88 215
88 220
88 227
88 233
88 234
88 239
88 245
88 266
88 277
88 294
89 14
89 37
89 48
89 50
89 59
89 79
89 96
89 99
89 102
89 125
89 149
89 170
89 187
89 194
89 209
89 214
89 219
89 243
89 248
89 249
89 255
89 262
89 269
89 284
89 288
89 290
89 294
90 12
90 13
90 21
90 39
90 42
90 45
90 65
90 69
90 104
90 111
90 116
90 123
90 124
90 135
90 150
90 196
90 218
90 220
90 228
90 229
90 244
90 256
90 263
90 266
90 269
90 272
90 283
91 0
91 9
91 15
91 22
91 53
91 59
91 65
91 75
91 104
91 108
91 114
91 119
91 126
91 133
91 137
91 142
91 159
91 166
91 170
91 178
91 181
91 196
91 205
91 206
91 215
91 218
91 229
91 249
91 255
91 264
91 270
91 271
91 284
91 286
91 290
92 4
92 16
92 48
92 54
92 71
92 81
92 104
92 106
92 122
92 131
92 135
92 147
92 155
92 202
92 223
92 231
92 239
92 244
92 255
92 268
92 269
92 277
92 278
92 281
92 299
93 0
93 4
93 10
93 11
93 19
93 28
93 29
93 40
93 48
93 49
93 52
93 54
93 63
93 82
93 88
93 96
93 102
93 127
93 138
93 159
93 165
93 172
93 176
93 178
93 185
93 199
93 202
93 210
93 219
93 224
93 230
93 282
93 296
93 299
94 9
94 34
94 42
94 49
94 64
94 68
94 71
94 82
94 84
94 85
94 93
94 99
94 118
94 120
94 122
94 124
94 132
94 133
94 175
94 182
94 184
94 194
94 214
94 215
94 217
94 225
94 236
94 259
94 265
94 268
94 278
94 296
95 21
95 26
95 29
95 33
95 35
95 37
95 45
95 69
95 70
95 71
95 72
95 83
95 88
95 94
95 131
95 139
95 149
95 150
95 191
95 193
95 202
95 210
95 211
95 213
95 219
95 250
95 269
95 278
95 280
95 290
95 292
95 293
95 295
95 296
96 42
96 51
96 53
96 64
96 75
96 85
96 91
96 104
96 118
96 123
96 132
96 134
96 142
96 153
96 170
96 171
96 172
96 179
96 193
96 197
96 205
96 206
96 220
96 226
96 266
96 287
96 296
97 24
97 37
97 42
97 78
97 98
97 102
97 103
97 105
97 115
97 138
97 146
97 147
97 148
97 149
97 174
97 181
97 183
97 196
97 205
97 225
97 231
97 252
97 272
97 294
98 4
98 6
98 8
98 17
98 21
98 33
98 34
98 48
98 61
98 64
98 71
98 82
98 106
98 110
98 125
98 127
98 142
98 143
98 146
98 152
98 167
98 171
98 172
98 173
98 189
98 195
98 216
98 229
98 230
98 234
98 254
98 270
98 276
98 279
98 289
98 294
98 298
98 299
99 4
99 5
99 36
99 37
99 39
99 52
99 54
99 57
99 81
99 98
99 99
99 114
99 124
99 137
99 143
99 146
99 155
99 162
99 166
99 181
99 187
99 193
99 195
99 199
99 205
99 208
99 210
99 217
99 249
99 251
99 252
99 263
99 283
99 291
99 293
100 8
100 13
100 16
100 36
100 54
100 55
100 64
100 76
100 107
100 114
100 115
100 117
100 119
100 135
100 160
100 177
100 180
100 183
100 202
100 228
100 245
100 258
100 263
100 268
100 273
100 277
100 297
101 3
101 30
101 39
101 45
101 50
101 52
101 53
101 54
101 60
101 61
101 63
101 67
101 70
101 89
101 94
101 97
101 98
101 100
101 109
101 120
101 121
101 182
101 193
101 194
101 204
101 208
101 211
101 212
101 219
101 221
101 223
101 224
101 233
101 239
101 258
101 275
101 290
101 291
101 296
101 298
102 3
102 27
102 39
102 47
102 93
102 108
102 116
102 126
102 130
102 153
102 155
102 158
102 169
102 171
102 183
102 184
102 193
102 205
102 212
102 223
102 226
102 237
102 278
102 280
102 288
102 293
103 5
103 7
103 22
103 23
103 27
103 29
103 32
103 39
103 50
103 62
103 64
103 70
103 73
103 94
103 98
103 105
103 116
103 128
103 136
103 145
103 168
103 171
103 189
103 191
103 220
103 225
103 227
103 230
103 235
103 236
103 239
103 244
103 258
103 268
103 269
103 274
103 293
103 294
103 295
104 14
104 31
104 33
104 55
104 65
104 71
104 77
104 82
104 96
104 103
104 117
104 124
104 132
104 146
104 155
104 160
104 173
104 177
104 180
104 183
104 184
104 193
104 206
104 214
104 230
104 233
104 239
104 250
104 289
104 291
105 35
105 37
105 57
105 64
105 105
105 113
105 130
105 132
105 141
105 152
105 154
105 168
105 170
105 186
105 197
105 198
105 199
105 204
105 206
105 220
105 223
105 225
105 232
105 252
105 262
105 266
105 297
106 7
106 21
106 32
106 45
106 73
106 104
106 113
106 128
106 130
106 146
106 147
106 169
106 170
106 194
106 207
106 209
106 243
106 254
106 255
106 256
106 257
106 259
106 265
106 268
106 270
106 271
106 274
106 275
106 284
107 5
107 6
107 13
107 23
107 28
107 32
107 35
107 67
107 69
107 73
107 77
107 83
107 89
107 96
107 139
107 141
107 157
107 161
107 166
107 169
107 172
107 196
107 198
107 199
107 201
107 208
107 209
107 212
107 228
107 233
107 241
107 288
108 9
108 38
108 44
108 47
108 90
108 91
108 100
108 125
108 135
108 136
108 147
108 153
108 155
108 159
108 160
108 166
108 188
108 223
108 241
108 243
108 258
108 270
108 276
109 20
109 29
109 52
109 54
109 57
109 73
109 74
109 77
109 90
109 114
109 125
109 134
109 152
109 162
109 188
109 197
109 211
109 224
109 229
109 236
109 251
109 254
109 257
109 261
109 269
109 284
109 288
110 0
110 5
110 9
110 16
110 18
110 21
110 22
110 23
110 31
110 33
110 34
110 63
110 82
110 84
110 87
110 88
110 90
110 131
110 139
110 150
110 158
110 160
110 165
110 167
110 168
110 170
110 187
110 189
110 209
110 228
110 235
110 247
110 264
110 269
110 270
110 276
110 294
110 297
111 2
111 12
111 18
111 43
111 64
111 71
111 84
111 108
111 110
111 113
111 126
111 172
111 174
111 182
111 190
111 192
111 194
111 197
111 204
111 210
111 216
111 219
111 222
111 231
111 233
111 236
111 255
111 268
111 271
111 283
111 287
111 293
111 298
112 16
112 28
112 38
112 46
112 50
112 67
112 86
112 91
112 101
112 103
112 120
112 131
112 139
112 141
112 149
112 151
112 155
112 162
112 170
112 192
112 218
112 226
112 228
112 268
112 279
112 294
113 3
113 14
113 22
113 30
113 40
113 57
113 71
113 79
113 82
113 85
113 86
113 92
113 93
113 96
113 97
113 103
113 117
113 134
113 144
113 145
113 152
113 176
113 180
113 196
113 232
113 234
113 250
113 254
113 264
113 267
113 279
113 282
114 11
114 32
114 34
114 37
114 53
114 58
114 61
114 90
114 91
114 93
114 98
114 120
114 121
114 122
114 124
114 134
114 147
114 164
114 175
114 177
114 226
114 231
114 245
114 260
114 263
114 281
115 12
115 15
115 30
115 50
115 60
115 75
115 77
115 79
115 86
115 87
115 88
115 102
115 104
115 105
115 107
115 111
115 112
115 125
115 137
115 148
115 150
115 165
115 184
115 186
115 200
115 209
115 215
115 281
116 5
116 52
116 56
116 58
116 80
116 81
116 83
116 95
116 99
116 106
116 140
116 141
116 143
116 144
116 162
116 175
116 201
116 205
116 208
116 224
116 226
116 227
116 238
116 258
116 260
116 271
116 274
116 277
117 2
117 5
117 10
117 12
117 13
117 30
117 33
117 36
117 48
117 54
117 67
117 93
117 95
117 109
117 112
117 122
117 128
117 130
117 133
117 134
117 156
117 161
117 175
117 194
117 213
117 232
117 235
117 236
117 241
117 242
117 263
117 269
118 30
118 40
118 44
118 45
118 62
118 64
118 65
118 79
118 81
118 83
118 105
118 107
118 126
118 127
118 140
118 142
118 148
118 151
118 161
118 162
118 177
118 216
118 232
118 250
118 264
118 287
118 294
119 1
119 9
119 26
119 54
119 66
119 71
119 117
119 146
119 156
119 171
119 180
119 190
119 194
119 207
119 212
119 219
119 231
119 239
119 248
119 249
119 258
119 261
119 262
119 273
119 277
119 286
119 291
119 292
119 293
119 296
119 297
120 2
120 28
120 34
120 39
120 40
120 44
120 70
120 79
120 85
120 92
120 94
120 101
120 111
120 113
120 114
120 115
120 125
120 131
120 135
120 141
120 170
120 177
120 180
120 194
120 209
120 222
120 235
120 242
120 245
120 246
120 252
120 259
120 260
120 265
120 269
120 270
120 274
120 275
120 277
120 291
121 20
121 28
121 43
121 51
121 58
121 71
121 89
121 91
121 97
121 117
121 133
121 135
121 173
121 204
121 213
121 226
121 232
121 233
121 239
121 248
121 255
121 262
121 272
121 281
121 299
122 2
122 22
122 29
122 31
122 49
122 62
122 103
122 129
122 136
122 139
122 142
122 174
122 181
122 186
122 198
122 199
122 204
122 206
122 217
122 253
122 254
122 260
122 268
122 273
122 275
122 281
122 290
122 294
123 2
123 7
123 12
123 44
123 59
123 75
123 79
123 96
123 103
123 110
123 111
123 117
123 124
123 143
123 155
123 172
123 240
123 249
123 276
124 14
124 19
124 28
124 35
124 63
124 69
124 71
124 80
124 82
124 83
124 92
124 96
124 107
124 124
124 142
124 143
124 151
124 153
124 169
124 175
124 176
124 178
124 181
124 184
124 185
124 188
124 199
124 216
124 222
124 232
124 241
124 270
124 275
125 0
125 13
125 19
125 20
125 26
125 37
125 57
125 65
125 68
125 72
125 91
125 98
125 100
125 102
125 108
125 132
125 135
125 139
125 140
125 148
125 186
125 197
125 209
125 243
125 262
125 265
125 271
125 278
125 282
126 22
126 25
126 30
126 33
126 35
126 42
126 54
126 55
126 59
126 60
126 63
126 108
126 121
126 133
126 146
126 152
126 157
126 191
126 197
126 203
126 232
126 233
126 234
126 246
126 248
126 265
126 285
127 11
127 37
127 46
127 62
127 64
127 71
127 75
127 76
127 96
127 106
127 112
127 114
127 117
127 119
127 122
127 128
127 130
127 131
127 149
127 157
127 175
127 185
127 199
127 209
127 238
127 256
127 264
127 268
127 283
127 290
127 297
128 11
128 19
128 31
128 44
128 46
128 47
128 60
128 79
128 102
128 104
128 105
128 110
128 111
128 117
128 134
128 142
128 156
128 177
128 178
128 213
128 219
128 230
128 236
128 239
128 250
128 259
128 261
128 267
128 268
128 270
128 283
128 287
128 292
129 1
129 7
129 28
129 45
129 56
129 58
129 62
129 63
129 65
129 69
129 73
129 77
129 84
129 99
129 105
129 106
129 121
129 127
129 130
129 134
129 139
129 146
129 151
129 156
129 165
129 166
129 176
129 181
129 201
129 210
129 232
129 240
129 245
129 247
129 251
129 273
129 277
129 281
129 287
129 292
129 293
129 296
130 19
130 32
130 58
130 67
130 70
130 93
130 98
130 105
130 106
130 121
130 125
130 132
130 193
130 198
130 202
130 208
130 210
130 214
130 216
130 221
130 224
130 243
130 256
130 272
130 283
130 295
131 3
131 7
131 8
131 9
131 31
131 46
131 52
131 54
131 55
131 74
131 103
131 114
131 122
131 129
131 134
131 135
131 141
131 156
131 169
131 172
131 174
131 176
131 181
131 186
131 197
131 202
131 209
131 216
131 218
131 238
131 253
131 255
131 262
131 268
131 273
131 289
131 296
131 299
132 3
132 21
132 27
132 31
132 35
132 42
132 57
132 64
132 137
132 142
132 152
132 154
132 169
132 175
132 184
132 190
132 194
132 200
132 206
132 216
132 228
132 241
132 249
132 271
132 272
132 289
133 0
133 12
133 51
133 75
133 76
133 94
133 96
133 101
133 104
133 107
133 110
133 118
133 127
133 132
133 135
133 137
133 138
133 146
133 161
133 162
133 167
133 214
133 239
133 269
133 274
133 289
133 294
133 296
133 299
134 19
134 35
134 40
134 41
134 43
134 63
134 67
134 77
134 101
134 103
134 113
134 123
134 142
134 145
134 150
134 155
134 162
134 167
134 212
134 219
134 225
134 227
134 236
134 240
134 254
134 259
134 265
134 291
134 292
135 0
135 22
135 33
135 36
135 39
135 45
135 51
135 57
135 67
135 75
135 86
135 100
135 106
135 108
135 140
135 144
135 156
135 178
135 196
135 197
135 199
135 200
135 228
135 259
135 264
135 267
135 277
135 292
136 6
136 18
136 19
136 60
136 76
136 77
136 91
136 92
136 106
136 111
136 120
136 145
136 178
136 184
136 202
136 203
136 205
136 209
136 222
136 232
136 236
136 245
136 251
136 254
136 259
136 267
136 276
136 291
136 295
137 12
137 22
137 24
137 25
137 64
137 74
137 80
137 105
137 117
137 149
137 150
137 153
137 155
137 156
137 164
137 168
137 170
137 177
137 205
137 216
137 234
137 236
137 251
137 262
137 286
137 296
138 20
138 21
138 30
138 36
138 38
138 41
138 45
138 48
138 62
138 73
138 77
138 82
138 83
138 122
138 127
138 132
138 161
138 172
138 173
138 178
138 184
138 187
138 223
138 244
138 261
138 268
138 270
138 271
138 283
138 287
139 7
139 11
139 14
139 28
139 35
139 41
139 44
139 56
139 66
139 87
139 89
139 119
139 146
139 148
139 156
139 157
139 167
139 207
139 233
139 237
139 254
139 255
139 259
139 268
139 275
139 292
140 53
140 55
140 62
140 67
140 73
140 76
140 80
140 99
140 100
140 110
140 168
140 173
140 174
140 182
140 191
140 196
140 198
140 214
140 216
140 222
140 223
140 230
140 255
140 265
140 272
140 282
140 284
141 6
141 47
141 48
141 49
141 64
141 88
141 95
141 103
141 130
141 131
141 146
141 187
141 188
141 192
141 193
141 195
141 203
141 205
141 215
141 216
141 241
141 242
141 267
141 269
141 271
141 280
141 291
142 5
142 34
142 44
142 55
142 65
142 75
142 89
142 97
142 101
142 145
142 155
142 167
142 172
142 178
142 183
142 198
142 199
142 236
142 247
142 267
142 289
142 299
143 3
143 10
143 18
143 24
143 31
143 32
143 36
143 42
143 50
143 59
143 61
143 62
143 75
143 90
143 94
143 98
143 117
143 119
143 129
143 132
143 139
143 156
143 161
143 167
143 169
143 177
143 187
143 204
143 210
143 214
143 223
143 236
143 256
143 269
143 279
143 290
144 10
144 20
144 31
144 37
144 42
144 43
144 44
144 63
144 82
144 84
144 93
144 96
144 105
144 124
144 141
144 144
144 153
144 156
144 159
144 163
144 165
144 169
144 178
144 227
144 248
144 252
144 256
144 270
144 275
144 276
144 285
144 298
145 4
145 7
145 9
145 13
145 14
145 15
145 17
145 25
145 56
145 57
145 76
145 77
145 80
145 83
145 101
145 130
145 136
145 165
145 178
145 184
145 201
145 202
145 213
145 215
145 223
145 225
145 241
145 245
145 252
145 272
146 6
146 14
146 51
146 59
146 60
146 62
146 67
146 114
146 116
146 120
146 123
146 161
146 169
146 189
146 200
146 209
146 217
146 219
146 224
146 241
146 245
146 249
146 266
146 271
146 272
146 277
146 281
146 282
146 286
146 298
147 7
147 10
147 51
147 56
147 59
147 80
147 92
147 99
147 110
147 115
147 116
147 126
147 135
147 148
147 149
147 151
147 154
147 157
147 161
147 195
147 217
147 221
147 223
147 224
147 229
147 247
147 282
147 290
148 5
148 8
148 13
148 31
148 50
148 58
148 78
148 81
148 121
148 124
148 126
148 130
148 145
148 147
148 162
148 165
148 170
148 175
148 178
148 180
148 191
148 194
148 215
148 223
148 225
148 228
148 233
148 234
148 246
148 281
148 285
148 292
148 299
149 12
149 16
149 17
149 23
149 40
149 41
149 54
149 55
149 72
149 91
149 103
149 111
149 120
149 121
149 134
149 145
149 152
149 160
149 162
149 181
149 188
149 196
149 198
149 201
149 219
149 223
149 229
149 234
149 237
149 247
149 254
149 290
149 293
149 294
149 296
149 298
150 2
150 9
150 32
150 41
150 49
150 53
150 59
150 62
150 105
150 111
150 124
150 135
150 140
150 186
150 188
150 189
150 194
150 207
150 209
150 214
150 218
150 225
150 226
150 243
150 251
150 256
150 260
150 265
150 279
150 284
150 291
151 14
151 18
151 33
151 34
151 53
151 59
151 61
151 80
151 122
151 135
151 142
151 169
151 175
151 199
151 207
151 232
151 235
151 240
151 247
151 248
151 275
151 286
151 296
151 297
151 299
152 3
152 4
152 13
152 21
152 31
152 34
152 39
152 42
152 47
152 56
152 70
152 91
152 93
152 103
152 111
152 120
152 122
152 126
152 127
152 129
152 134
152 158
152 164
152 168
152 182
152 188
152 191
152 203
152 207
152 208
152 224
152 235
152 236
152 240
152 248
152 251
152 256
152 261
152 262
152 278
152 289
153 1
153 18
153 24
153 28
153 38
153 39
153 54
153 64
153 68
153 70
153 73
153 87
153 88
153 100
153 118
153 143
153 161
153 172
153 179
153 184
153 196
153 199
153 201
153 220
153 224
153 226
153 235
153 242
154 6
154 13
154 17
154 23
154 26
154 31
154 48
154 63
154 65
154 72
154 98
154 119
154 125
154 141
154 146
154 161
154 162
154 163
154 164
154 169
154 171
154 172
154 180
154 196
154 197
154 198
154 200
154 224
154 227
154 231
154 241
154 242
154 244
154 273
154 287
154 298
155 7
155 11
155 35
155 36
155 39
155 47
155 57
155 70
155 74
155 77
155 81
155 95
155 97
155 101
155 110
155 115
155 119
155 122
155 128
155 136
155 151
155 155
155 157
155 160
155 170
155 173
155 197
155 229
155 240
155 244
155 249
155 265
155 276
155 293
155 294
156 0
156 6
156 15
156 26
156 37
156 39
156 42
156 59
156 72
156 81
156 103
156 105
156 112
156 124
156 137
156 144
156 150
156 166
156 167
156 169
156 204
156 209
156 223
156 228
156 263
156 291
156 294
156 299
157 1
157 5
157 10
157 11
157 27
157 31
157 38
157 49
157 54
157 57
157 59
157 83
157 100
157 121
157 127
157 140
157 143
157 169
157 184
157 195
157 204
157 207
157 219
157 231
157 241
157 247
157 269
158 2
158 29
158 30
158 39
158 76
158 79
158 110
158 114
158 126
158 141
158 155
158 156
158 170
158 178
158 181
158 187
158 193
158 194
158 195
158 198
158 203
158 234
158 240
158 289
158 290
158 297
158 299
159 2
159 12
159 18
159 20
159 32
159 39
159 57
159 65
159 68
159 72
159 81
159 94
159 96
159 101
159 118
159 121
159 132
159 150
159 166
159 170
159 192
159 211
159 231
159 232
159 241
159 253
159 264
159 271
159 288
160 5
160 18
160 25
160 26
160 34
160 53
160 66
160 78
160 129
160 148
160 174
160 177
160 194
160 200
160 206
160 221
160 237
160 238
160 245
160 254
160 283
160 284
160 286
161 17
161 23
161 25
161 48
161 68
161 74
161 77
161 81
161 82
161 90
161 95
161 97
161 126
161 132
161 153
161 163
161 176
161 177
161 180
161 183
161 185
161 186
161 195
161 198
161 211
161 214
161 220
161 225
161 231
161 238
161 241
161 248
161 249
161 269
161 284
161 289
161 295
161 298
162 0
162 1
162 3
162 5
162 9
162 13
162 15
162 23
162 37
162 52
162 58
162 62
162 69
162 73
162 85
162 93
162 109
162 120
162 126
162 130
162 138
162 141
162 142
162 147
162 153
162 162
162 166
162 188
162 197
162 199
162 210
162 212
162 222
162 245
162 253
162 269
162 275
162 290
162 299
163 3
163 38
163 39
163 56
163 61
163 72
163 76
163 84
163 99
163 104
163 106
163 117
163 146
163 152
163 159
163 161
163 172
163 185
163 190
163 210
163 220
163 228
163 239
163 275
163 278
163 284
163 298
164 4
164 18
164 21
164 45
164 59
164 67
164 86
164 93
164 119
164 134
164 156
164 167
164 179
164 190
164 191
164 194
164 196
164 206
164 209
164 210
164 233
164 262
164 280
164 296
165 3
165 4
165 6
165 8
165 17
165 22
165 26
165 29
165 39
165 55
165 64
165 75
165 79
165 88
165 90
165 106
165 107
165 126
165 128
165 131
165 140
165 145
165 146
165 160
165 180
165 185
165 186
165 192
165 196
165 226
165 229
165 264
165 269
165 270
165 275
165 278
166 5
166 9
166 15
166 22
166 48
166 66
166 76
166 111
166 115
166 123
166 127
166 134
166 135
166 137
166 155
166 159
166 163
166 180
166 184
166 189
166 190
166 192
166 212
166 225
166 235
166 237
166 245
166 251
166 258
166 261
166 280
167 21
167 29
167 30
167 31
167 37
167 42
167 52
167 84
167 86
167 98
167 99
167 102
167 106
167 109
167 121
167 129
167 130
167 138
167 151
167 160
167 176
167 191
167 198
167 214
167 226
167 232
167 238
167 242
167 247
167 248
167 249
167 292
167 295
168 1
168 3
168 4
168 8
168 18
168 30
168 36
168 52
168 53
168 55
168 70
168 76
168 77
168 84
168 86
168 129
168 131
168 140
168 142
168 145
168 148
168 154
168 164
168 167
168 168
168 169
168 170
168 172
168 179
168 186
168 189
168 199
168 202
168 213
168 215
168 218
168 222
168 233
168 263
168 270
168 290
168 296
169 1
169 17
169 23
169 26
169 84
169 87
169 103
169 106
169 113
169 116
169 117
169 138
169 143
169 148
169 157
169 163
169 168
169 170
169 190
169 191
169 213
169 222
169 223
169 243
169 275
169 276
169 289
170 6
170 12
170 14
170 15
170 27
170 32
170 57
170 62
170 78
170 85
170 89
170 93
170 94
170 117
170 118
170 121
170 123
170 126
170 128
170 131
170 141
170 152
170 169
170 191
170 205
170 232
170 237
170 246
170 250
170 257
170 270
170 273
170 275
170 296
170 299
171 22
171 31
171 48
171 56
171 63
171 67
171 75
171 78
171 92
171 110
171 111
171 129
171 134
171 137
171 145
171 157
171 160
171 167
171 169
171 175
171 177
171 179
171 205
171 217
171 226
171 228
171 233
171 234
171 238
171 243
171 244
171 257
171 261
171 263
171 275
171 280
171 290
172 4
172 12
172 38
172 48
172 59
172 61
172 63
172 66
172 72
172 78
172 101
172 107
172 128
172 191
172 225
172 236
172 248
172 249
172 264
172 265
172 270
172 282
172 286
173 3
173 5
173 29
173 41
173 45
173 56
173 66
173 72
173 80
173 81
173 83
173 85
173 92
173 137
173 139
173 142
173 145
173 159
173 169
173 176
173 181
173 208
173 211
173 230
173 237
173 264
173 265
173 283
173 291
173 294
174 0
174 3
174 8
174 15
174 17
174 46
174 47
174 53
174 55
174 63
174 70
174 71
174 82
174 98
174 105
174 133
174 140
174 151
174 174
174 211
174 225
174 232
174 238
174 270
174 274
174 286
174 298
175 8
175 12
175 23
175 34
175 35
175 36
175 41
175 49
175 57
175 63
175 74
175 95
175 96
175 105
175 119
175 123
175 131
175 135
175 136
175 148
175 151
175 158
175 160
175 169
175 181
175 195
175 197
175 204
175 205
175 212
175 218
175 220
175 236
175 250
175 253
175 259
175 273
175 277
175 288
176 3
176 4
176 6
176 21
176 29
176 59
176 74
176 80
176 100
176 103
176 106
176 111
176 126
176 134
176 169
176 173
176 175
176 193
176 203
176 219
176 226
176 227
176 234
176 237
176 260
176 265
176 279
176 297
177 9
177 22
177 38
177 43
177 50
177 60
177 65
177 68
177 80
177 92
177 106
177 114
177 119
177 120
177 121
177 122
177 175
177 176
177 189
177 192
177 210
177 218
177 220
177 232
177 245
177 248
177 255
177 268
177 286
178 23
178 26
178 32
178 33
178 51
178 80
178 89
178 90
178 96
178 98
178 114
178 141
178 145
178 147
178 162
178 169
178 195
178 208
178 215
178 219
178 231
178 245
178 257
178 261
178 262
178 273
178 274
178 278
178 285
178 286
179 1
179 2
179 6
179 18
179 20
179 41
179 42
179 61
179 75
179 79
179 100
179 127
179 136
179 167
179 168
179 184
179 214
179 243
179 246
179 253
179 254
179 288
179 297
179 298
180 1
180 9
180 20
180 26
180 28
180 34
180 64
180 89
180 92
180 98
180 113
180 125
180 126
180 157
180 180
180 187
180 193
180 199
180 217
180 228
180 251
180 252
180 258
180 268
180 275
180 282
181 1
181 5
181 7
181 17
181 18
181 20
181 22
181 31
181 43
181 51
181 61
181 69
181 87
181 102
181 103
181 121
181 129
181 134
181 135
181 137
181 146
181 153
181 161
181 163
181 168
181 174
181 175
181 180
181 188
181 193
181 211
181 212
181 214
181 215
181 216
181 233
181 235
181 247
181 261
181 282
181 283
181 287
182 16
182 17
182 44
182 49
182 57
182 59
182 63
182 66
182 82
182 89
182 97
182 98
182 110
182 112
182 137
182 158
182 162
182 174
182 177
182 189
182 197
182 198
182 199
182 212
182 241
182 247
182 268
182 274
183 5
183 17
183 38
183 61
183 68
183 99
183 107
183 111
183 112
183 113
183 139
183 140
183 141
183 170
183 174
183 180
183 182
183 184
183 200
183 212
183 227
183 243
183 249
183 252
183 253
183 271
183 276
183 279
183 282
184 18
184 24
184 26
184 32
184 36
184 46
184 76
184 85
184 96
184 99
184 109
184 126
184 130
184 141
184 142
184 164
184 166
184 173
184 174
184 175
184 176
184 184
184 193
184 200
184 202
184 208
184 223
184 224
184 237
184 241
184 247
184 252
184 256
184 273
184 285
185 1
185 24
185 65
185 83
185 93
185 98
185 104
185 110
185 126
185 131
185 136
185 141
185 160
185 166
185 174
185 193
185 194
185 221
185 246
185 275
185 293
185 295
186 3
186 28
186 56
186 74
186 82
186 83
186 88
186 90
186 91
186 105
186 108
186 118
186 119
186 143
186 159
186 186
186 187
186 190
186 226
186 250
186 253
186 258
186 260
186 264
186 266
186 267
186 268
186 282
186 288
187 43
187 55
187 70
187 109
187 133
187 135
187 138
187 163
187 174
187 175
187 187
187 206
187 220
187 221
187 230
187 236
187 255
187 259
187 271
187 276
187 279
187 291
187 297
188 1
188 20
188 22
188 34
188 38
188 55
188 59
188 76
188 77
188 111
188 113
188 126
188 149
188 154
188 159
188 168
188 189
188 193
188 197
188 199
188 203
188 212
188 214
188 218
188 238
188 256
188 260
188 272
188 288
188 289
188 292
189 79
189 80
189 92
189 100
189 103
189 128
189 129
189 159
189 164
189 168
189 169
189 195
189 196
189 204
189 216
189 220
189 221
189 230
189 240
189 248
189 266
189 273
190 4
190 5
190 35
190 38
190 41
190 48
190 67
190 73
190 84
190 93
190 94
190 95
190 109
190 119
190 132
190 157
190 160
190 182
190 188
190 189
190 193
190 205
190 250
190 255
190 263
190 264
190 266
190 273
191 5
191 19
191 20
191 22
191 26
191 29
191 45
191 46
191 50
191 68
191 73
191 88
191 100
191 102
191 109
191 117
191 120
191 126
191 138
191 150
191 161
191 167
191 168
191 169
191 172
191 184
191 205
191 217
191 226
191 230
191 233
191 258
191 275
191 295
192 15
192 37
192 44
192 53
192 139
192 140
192 152
192 172
192 192
192 218
192 234
192 239
192 247
192 253
192 257
192 266
192 292
192 297
193 0
193 4
193 18
193 21
193 30
193 34
193 44
193 47
193 70
193 72
193 82
193 86
193 95
193 121
193 133
193 139
193 142
193 144
193 154
193 165
193 170
193 193
193 197
193 203
193 205
193 209
193 216
193 217
193 230
193 255
193 265
193 269
193 275
193 287
193 288
193 293
194 5
194 32
194 33
194 61
194 92
194 115
194 116
194 127
194 145
194 154
194 164
194 217
194 219
194 222
194 225
194 234
194 237
194 245
194 246
194 251
194 255
194 257
194 260
194 267
194 278
194 279
194 287
194 288
195 24
195 32
195 34
195 51
195 57
195 62
195 74
195 84
195 102
195 105
195 107
195 111
195 117
195 124
195 131
195 134
195 153
195 154
195 160
195 166
195 169
195 185
195 190
195 194
195 205
195 211
195 225
195 226
195 237
195 240
195 274
195 289
196 4
196 8
196 25
196 29
196 30
196 39
196 43
196 47
196 64
196 81
196 82
196 94
196 97
196 110
196 116
196 140
196 143
196 145
196 150
196 154
196 157
196 168
196 170
196 198
196 206
196 209
196 214
196 217
196 224
196 236
196 250
196 257
196 259
196 276
196 280
197 9
197 25
197 29
197 33
197 36
197 42
197 66
197 82
197 86
197 118
197 128
197 145
197 162
197 170
197 173
197 202
197 218
197 247
197 249
197 258
197 259
197 264
197 266
197 281
197 291
198 13
198 15
198 29
198 45
198 47
198 63
198 64
198 70
198 84
198 86
198 89
198 92
198 106
198 109
198 110
198 112
198 133
198 145
198 154
198 159
198 161
198 177
198 178
198 188
198 233
198 264
198 266
198 270
198 273
198 277
198 286
198 292
199 6
199 14
199 22
199 28
199 31
199 34
199 37
199 42
199 71
199 83
199 86
199 97
199 101
199 109
199 111
199 144
199 146
199 157
199 191
199 206
199 207
199 208
199 240
199 255
199 276
199 282
199 292
199 293
200 1
200 3
200 6
200 8
200 45
200 52
200 55
200 56
200 59
200 68
200 89
200 90
200 113
200 119
200 138
200 164
200 180
200 190
200 202
200 215
200 217
200 220
200 238
200 241
200 246
200 252
200 266
200 277
200 278
200 279
200 288
200 299
201 13
201 14
201 41
201 42
201 46
201 64
201 66
201 80
201 86
201 87
201 120
201 123
201 127
201 131
201 147
201 164
201 171
201 202
201 221
201 237
201 239
201 251
201 262
201 274
201 283
201 289
201 299
202 6
202 16
202 30
202 31
202 43
202 45
202 59
202 64
202 70
202 103
202 110
202 120
202 130
202 161
202 177
202 179
202 188
202 206
202 208
202 221
202 222
202 241
202 250
202 251
202 268
202 284
202 291
203 4
203 19
203 34
203 36
203 42
203 51
203 52
203 55
203 69
203 77
203 85
203 88
203 90
203 96
203 98
203 105
203 108
203 117
203 121
203 125
203 138
203 142
203 150
203 157
203 160
203 162
203 184
203 193
203 196
203 201
203 215
203 219
203 235
203 237
203 258
203 259
203 264
203 267
203 272
203 277
203 281
203 291
203 293
204 8
204 17
204 24
204 35
204 36
204 38
204 47
204 68
204 88
204 104
204 116
204 129
204 135
204 137
204 138
204 140
204 143
204 146
204 148
204 164
204 176
204 197
204 204
204 209
204 211
204 214
204 215
204 223
204 224
204 226
204 231
204 235
204 242
204 266
204 273
204 279
204 282
204 283
204 295
204 296
204 299
205 6
205 10
205 11
205 28
205 32
205 57
205 70
205 82
205 87
205 106
205 110
205 127
205 145
205 148
205 155
205 184
205 187
205 193
205 194
205 202
205 205
205 219
205 222
205 224
205 278
205 292
206 10
206 14
206 23
206 25
206 26
206 37
206 40
206 47
206 54
206 55
206 62
206 68
206 70
206 81
206 84
206 87
206 107
206 109
206 127
206 145
206 151
206 158
206 163
206 167
206 170
206 183
206 189
206 227
206 249
206 254
206 267
206 271
206 294
206 297
207 8
207 37
207 59
207 65
207 98
207 99
207 104
207 112
207 118
207 123
207 125
207 132
207 151
207 169
207 174
207 179
207 216
207 217
207 222
207 230
207 242
207 244
207 260
208 7
208 11
208 18
208 29
208 30
208 31
208 54
208 64
208 73
208 96
208 104
208 124
208 128
208 142
208 170
208 177
208 185
208 203
208 214
208 216
208 240
208 270
208 282
208 289
209 1
209 19
209 29
209 47
209 63
209 81
209 84
209 98
209 122
209 136
209 140
209 142
209 147
209 159
209 165
209 166
209 170
209 184
209 193
209 197
209 202
209 267
209 274
210 15
210 19
210 46
210 52
210 84
210 101
210 102
210 113
210 121
210 122
210 125
210 128
210 130
210 137
210 161
210 185
210 230
210 231
210 233
210 234
210 246
210 252
210 254
210 264
210 287
210 290
211 0
211 2
211 16
211 22
211 60
211 65
211 73
211 106
211 119
211 130
211 145
211 149
211 151
211 152
211 161
211 181
211 183
211 200
211 201
211 212
211 214
211 230
211 237
211 240
211 251
211 256
211 291
212 5
212 8
212 17
212 34
212 50
212 53
212 58
212 61
212 67
212 79
212 86
212 91
212 96
212 101
212 124
212 148
212 156
212 175
212 176
212 199
212 206
212 208
212 210
212 217
212 231
212 243
212 244
212 245
212 256
212 264
212 266
212 278
212 299
213 4
213 11
213 22
213 28
213 36
213 52
213 62
213 69
213 72
213 79
213 83
213 88
213 94
213 98
213 117
213 131
213 132
213 143
213 160
213 165
213 166
213 175
213 188
213 194
213 208
213 213
213 217
213 223
213 227
213 230
213 241
213 253
213 257
213 267
213 272
213 274
213 284
213 295
214 6
214 20
214 24
214 29
214 30
214 35
214 60
214 72
214 83
214 94
214 100
214 104
214 107
214 111
214 126
214 130
214 146
214 150
214 157
214 167
214 189
214 192
214 196
214 197
214 214
214 217
214 238
214 245
214 247
214 250
214 254
214 256
214 276
214 284
214 293
214 294
215 3
215 33
215 44
215 59
215 66
215 81
215 99
215 105
215 120
215 144
215 166
215 176
215 179
215 186
215 187
215 200
215 207
215 211
215 216
215 231
215 240
215 256
215 260
215 288
216 2
216 8
216 14
216 20
216 31
216 46
216 53
216 55
216 65
216 66
216 91
216 101
216 102
216 175
216 177
216 178
216 182
216 192
216 193
216 203
216 222
216 224
216 228
216 258
216 263
216 269
216 274
216 277
216 279
217 0
217 23
217 50
217 65
217 69
217 73
217 79
217 85
217 93
217 119
217 120
217 125
217 139
217 141
217 165
217 168
217 183
217 185
217 195
217 212
217 216
217 225
217 234
217 237
217 248
217 249
217 254
217 264
217 275
217 292
218 0
218 8
218 20
218 63
218 71
218 81
218 85
218 96
218 99
218 118
218 144
218 173
218 177
218 192
218 198
218 203
218 220
218 223
218 226
218 237
218 238
218 241
218 244
218 246
218 247
218 260
218 266
218 284
218 288
219 5
219 17
219 23
219 26
219 31
219 38
219 41
219 83
219 97
219 99
219 121
219 142
219 144
219 174
219 190
219 200
219 201
219 217
219 232
219 241
219 242
219 257
219 262
219 264
219 267
219 270
219 275
219 280
219 289
219 297
219 299
220 0
220 6
220 7
220 15
220 44
220 59
220 71
220 80
220 82
220 89
220 96
220 128
220 134
220 152
220 156
220 185
220 188
220 193
220 195
220 207
220 212
220 215
220 221
220 231
220 237
220 252
220 260
220 263
220 275
220 296
220 299
221 13
221 19
221 35
221 49
221 57
221 60
221 63
221 95
221 96
221 145
221 160
221 166
221 174
221 181
221 198
221 206
221 234
221 245
221 248
221 251
221 271
221 274
221 298
222 8
222 27
222 34
222 35
222 70
222 74
222 88
222 91
222 98
222 133
222 137
222 147
222 148
222 175
222 184
222 185
222 208
222 211
222 220
222 223
222 232
222 245
222 246
222 253
222 265
222 278
222 285
222 298
223 11
223 31
223 48
223 53
223 62
223 75
223 84
223 102
223 109
223 113
223 138
223 177
223 198
223 221
223 223
223 255
223 257
223 273
223 281
223 284
224 18
224 21
224 22
224 35
224 43
224 50
224 54
224 62
224 69
224 106
224 113
224 117
224 124
224 152
224 186
224 201
224 206
224 212
224 223
224 227
224 229
224 232
224 250
224 260
224 270
224 277
224 281
224 292
225 0
225 11
225 15
225 20
225 50
225 68
225 101
225 108
225 119
225 135
225 145
225 160
225 173
225 196
225 209
225 227
225 230
225 249
225 263
225 283
225 294
225 295
226 3
226 7
226 15
226 20
226 27
226 30
226 34
226 68
226 79
226 115
226 130
226 144
226 146
226 151
226 154
226 155
226 156
226 161
226 190
226 191
226 194
226 197
226 208
226 217
226 227
226 231
226 262
226 278
226 280
226 293
226 298
227 14
227 20
227 21
227 22
227 24
227 43
227 82
227 84
227 85
227 106
227 114
227 128
227 141
227 149
227 164
227 165
227 171
227 177
227 178
227 197
227 199
227 200
227 203
227 205
227 220
227 228
227 229
227 235
227 249
227 257
227 269
227 273
227 279
227 286
227 289
227 294
227 299
228 28
228 55
228 101
228 110
228 119
228 146
228 150
228 161
228 181
228 188
228 193
228 205
228 208
228 211
228 220
228 221
228 229
228 238
228 250
228 284
228 292
229 42
229 43
229 45
229 51
229 56
229 62
229 64
229 70
229 74
229 104
229 115
229 133
229 134
229 145
229 153
229 170
229 177
229 182
229 185
229 208
229 213
229 235
229 244
229 245
229 267
229 278
229 285
229 295
230 0
230 20
230 24
230 44
230 71
230 87
230 95
230 107
230 117
230 121
230 130
230 132
230 137
230 141
230 145
230 158
230 164
230 182
230 236
230 238
230 241
230 249
230 257
230 265
231 3
231 9
231 19
231 37
231 44
231 64
231 75
231 88
231 92
231 101
231 143
231 149
231 155
231 158
231 160
231 162
231 173
231 195
231 196
231 214
231 220
231 234
231 236
231 257
231 277
231 296
232 4
232 18
232 27
232 43
232 68
232 78
232 100
232 118
232 132
232 141
232 148
232 152
232 198
232 205
232 216
232 257
232 271
232 276
232 282
232 285
233 8
233 18
233 21
233 24
233 27
233 31
233 53
233 56
233 74
233 78
233 84
233 95
233 105
233 116
233 130
233 138
233 161
233 181
233 183
233 192
233 195
233 208
233 234
233 281
234 3
234 15
234 17
234 24
234 42
234 60
234 73
234 76
234 82
234 90
234 93
234 113
234 115
234 117
234 125
234 127
234 157
234 182
234 193
234 198
234 199
234 205
234 220
234 226
234 243
234 252
235 15
235 22
235 40
235 82
235 92
235 104
235 105
235 118
235 130
235 149
235 150
235 159
235 201
235 203
235 222
235 223
235 230
235 231
235 277
235 278
235 295
236 10
236 17
236 34
236 40
236 65
236 74
236 79
236 102
236 110
236 115
236 119
236 152
236 206
236 213
236 233
236 256
236 260
236 264
236 265
236 271
236 285
236 298
237 2
237 10
237 17
237 40
237 42
237 72
237 95
237 98
237 113
237 129
237 141
237 148
237 153
237 163
237 168
237 193
237 204
237 209
237 245
237 248
237 258
237 261
237 269
237 271
237 272
237 278
237 280
237 282
237 293
237 294
237 297
238 34
238 48
238 76
238 78
238 81
238 99
238 118
238 120
238 122
238 137
238 148
238 149
238 153
238 157
238 175
238 179
238 187
238 189
238 191
238 202
238 227
238 230
238 236
238 257
238 269
238 270
239 31
239 38
239 46
239 60
239 67
239 102
239 116
239 127
239 139
239 148
239 156
239 192
239 195
239 206
239 216
239 221
239 235
239 243
239 248
239 250
239 251
239 252
239 255
239 264
239 265
239 273
239 295
239 299
240 7
240 16
240 42
240 44
240 47
240 73
240 80
240 82
240 98
240 108
240 113
240 115
240 118
240 121
240 131
240 140
240 147
240 149
240 161
240 163
240 167
240 172
240 218
240 232
240 246
240 252
240 254
240 276
240 287
240 290
241 4
241 28
241 36
241 40
241 73
241 82
241 97
241 104
241 122
241 131
241 162
241 163
241 173
241 174
241 176
241 196
241 197
241 201
241 242
241 243
241 249
241 256
241 280
242 2
242 11
242 12
242 20
242 28
242 31
242 40
242 45
242 48
242 62
242 64
242 71
242 81
242 84
242 86
242 89
242 98
242 117
242 118
242 123
242 127
242 131
242 163
242 165
242 166
242 171
242 175
242 178
242 185
242 219
242 225
242 226
242 229
242 232
242 240
242 256
242 263
242 266
242 269
242 271
242 291
242 296
242 299
243 16
243 20
243 25
243 26
243 28
243 61
243 74
243 83
243 114
243 117
243 125
243 127
243 144
243 165
243 215
243 217
243 231
243 278
243 281
243 296
243 298
244 15
244 16
244 42
244 60
244 75
244 87
244 100
244 104
244 109
244 118
244 119
244 128
244 138
244 149
244 153
244 187
244 195
244 196
244 205
244 206
244 213
244 268
244 285
244 286
245 15
245 16
245 25
245 59
245 68
245 69
245 70
245 83
245 102
245 111
245 115
245 120
245 147
245 149
245 152
245 156
245 182
245 191
245 198
245 200
245 205
245 220
245 252
245 253
245 263
245 269
245 285
245 294
245 297
245 299
246 4
246 8
246 21
246 24
246 26
246 28
246 38
246 44
246 70
246 72
246 81
246 91
246 121
246 125
246 128
246 130
246 141
246 142
246 151
246 155
246 175
246 182
246 186
246 196
246 197
246 202
246 211
246 226
246 227
246 228
246 240
246 247
246 259
246 263
246 286
246 291
246 298
247 4
247 6
247 15
247 26
247 27
247 31
247 33
247 46
247 51
247 60
247 61
247 110
247 113
247 129
247 143
247 146
247 150
247 152
247 173
247 183
247 193
247 197
247 206
247 219
247 220
247 226
247 230
247 234
247 236
247 242
247 243
247 252
247 261
247 264
247 266
247 268
247 284
247 292
247 295
247 296
248 5
248 22
248 36
248 38
248 50
248 51
248 67
248 72
248 93
248 101
248 112
248 141
248 142
248 153
248 160
248 170
248 177
248 183
248 199
248 205
248 209
248 216
248 225
248 227
248 250
248 263
248 264
248 271
248 279
248 284
248 290
249 9
249 11
249 15
249 35
249 39
249 55
249 68
249 95
249 96
249 97
249 98
249 117
249 141
249 144
249 149
249 163
249 165
249 177
249 182
249 202
249 215
249 223
249 229
249 234
249 241
249 245
249 247
249 255
249 273
249 279
249 289
249 291
249 294
250 25
250 50
250 59
250 72
250 74
250 107
250 118
250 131
250 151
250 155
250 160
250 166
250 214
250 228
250 233
250 234
250 240
250 245
250 246
250 258
250 270
250 276
250 293
250 296
251 5
251 7
251 14
251 15
251 24
251 28
251 43
251 63
251 64
251 68
251 83
251 92
251 94
251 100
251 104
251 105
251 122
251 180
251 181
251 190
251 194
251 203
251 213
251 229
251 247
251 249
251 259
251 265
251 266
252 5
252 18
252 33
252 36
252 42
252 50
252 63
252 86
252 90
252 96
252 117
252 143
252 145
252 146
252 158
252 178
252 180
252 197
252 220
252 229
252 242
252 247
252 262
252 265
252 268
252 269
252 270
252 275
252 282
252 291
252 294
253 26
253 32
253 44
253 53
253 63
253 73
253 75
253 84
253 89
253 90
253 94
253 128
253 133
253 160
253 161
253 182
253 192
253 193
253 195
253 207
253 210
253 225
253 228
253 230
253 240
253 249
253 252
253 259
253 266
253 269
253 271
253 274
253 286
253 287
253 289
254 2
254 13
254 23
254 27
254 29
254 30
254 32
254 33
254 35
254 49
254 51
254 71
254 75
254 87
254 124
254 126
254 139
254 143
254 156
254 170
254 179
254 214
254 230
254 231
254 252
254 262
254 272
254 273
255 3
255 14
255 22
255 24
255 38
255 39
255 49
255 50
255 65
255 66
255 68
255 82
255 129
255 146
255 154
255 160
255 165
255 175
255 179
255 188
255 215
255 220
255 231
255 234
255 252
255 256
255 280
255 296
256 3
256 26
256 30
256 43
256 46
256 52
256 56
256 61
256 67
256 110
256 155
256 166
256 167
256 174
256 180
256 183
256 196
256 226
256 229
256 236
256 237
256 240
256 243
256 247
256 264
256 269
256 272
256 277
257 11
257 12
257 61
257 64
257 73
257 119
257 146
257 207
257 215
257 219
257 222
257 237
257 240
257 251
257 256
257 262
257 265
258 1
258 8
258 14
258 28
258 37
258 42
258 63
258 65
258 68
258 80
258 81
258 87
258 90
258 123
258 125
258 127
258 160
258 174
258 192
258 214
258 215
258 224
258 239
258 250
258 277
258 283
259 6
259 7
259 14
259 18
259 29
259 44
259 53
259 59
259 75
259 79
259 87
259 105
259 120
259 122
259 129
259 179
259 186
259 203
259 205
259 222
259 224
259 237
259 240
259 255
259 286
259 294
260 2
260 7
260 9
260 21
260 28
260 33
260 37
260 57
260 65
260 66
260 72
260 82
260 86
260 120
260 122
260 124
260 153
260 168
260 170
260 177
260 191
260 203
260 233
260 240
260 258
260 269
260 274
261 40
261 54
261 60
261 69
261 75
261 78
261 112
261 116
261 119
261 143
261 152
261 160
261 161
261 163
261 164
261 168
261 203
261 210
261 211
261 220
261 238
261 240
261 250
261 257
261 260
261 261
261 270
261 282
261 295
262 1
262 3
262 9
262 11
262 20
262 38
262 82
262 120
262 151
262 157
262 182
262 190
262 194
262 200
262 203
262 206
262 208
262 214
262 227
262 230
262 235
262 236
262 254
262 264
262 274
262 275
263 1
263 15
263 23
263 33
263 37
263 47
263 50
263 62
263 126
263 129
263 137
263 141
263 147
263 150
263 172
263 177
263 191
263 195
263 199
263 204
263 207
263 212
263 218
263 259
263 262
263 265
263 272
263 277
263 278
264 2
264 11
264 12
264 31
264 43
264 53
264 56
264 57
264 59
264 63
264 72
264 83
264 94
264 97
264 107
264 109
264 123
264 124
264 125
264 127
264 132
264 133
264 147
264 155
264 157
264 158
264 160
264 175
264 176
264 179
264 183
264 193
264 199
264 210
264 219
264 222
264 260
264 268
264 272
264 287
264 294
264 297
265 35
265 53
265 71
265 75
265 77
265 82
265 91
265 97
265 108
265 116
265 121
265 125
265 132
265 145
265 169
265 187
265 188
265 196
265 203
265 206
265 207
265 210
265 220
265 222
265 228
265 231
265 239
265 241
265 252
265 258
265 266
265 279
265 286
265 299
266 2
266 14
266 29
266 31
266 47
266 60
266 69
266 72
266 87
266 90
266 123
266 130
266 131
266 136
266 137
266 158
266 189
266 229
266 236
266 238
266 240
266 254
266 258
266 269
266 270
266 276
266 285
267 3
267 7
267 14
267 29
267 34
267 37
267 69
267 85
267 99
267 113
267 117
267 118
267 131
267 132
267 133
267 136
267 142
267 151
267 156
267 164
267 176
267 177
267 184
267 186
267 204
267 214
267 215
267 219
267 227
267 228
267 231
267 278
267 280
267 281
268 1
268 11
268 17
268 26
268 38
268 55
268 56
268 62
268 73
268 76
268 82
268 104
268 105
268 107
268 109
268 110
268 114
268 116
268 125
268 126
268 129
268 139
268 143
268 151
268 157
268 161
268 181
268 182
268 199
268 223
268 228
268 246
268 248
268 281
268 283
268 286
269 7
269 15
269 27
269 47
269 64
269 76
269 87
269 92
269 108
269 112
269 118
269 120
269 141
269 154
269 161
269 167
269 170
269 176
269 183
269 190
269 199
269 210
269 232
269 242
269 252
269 262
269 278
269 289
270 17
270 27
270 36
270 61
270 64
270 77
270 79
270 84
270 88
270 103
270 121
270 125
270 127
270 129
270 150
270 154
270 171
270 174
270 212
270 214
270 218
270 219
270 231
270 241
270 261
270 268
270 277
270 292
271 2
271 6
271 26
271 31
271 41
271 51
271 54
271 56
271 92
271 99
271 116
271 136
271 137
271 146
271 153
271 155
271 173
271 181
271 190
271 197
271 201
271 227
271 233
271 234
271 235
271 241
271 252
271 277
271 281
271 284
271 286
271 291
272 1
272 5
272 8
272 45
272 59
272 70
272 72
272 78
272 82
272 83
272 97
272 137
272 173
272 182
272 185
272 187
272 190
272 205
272 208
272 219
272 224
272 228
272 230
272 231
272 244
272 245
272 247
272 249
272 292
272 297
273 37
273 40
273 51
273 52
273 62
273 68
273 69
273 78
273 84
273 111
273 116
273 120
273 122
273 123
273 126
273 138
273 139
273 156
273 187
273 192
273 245
273 251
273 264
273 276
273 292
273 293
274 2
274 6
274 8
274 13
274 15
274 19
274 21
274 27
274 71
274 75
274 79
274 85
274 105
274 127
274 129
274 137
274 138
274 142
274 157
274 176
274 177
274 193
274 199
274 206
274 209
274 211
274 215
274 228
274 264
274 285
274 291
275 5
275 10
275 11
275 26
275 33
275 39
275 42
275 54
275 56
275 60
275 63
275 64
275 66
275 68
275 70
275 74
275 103
275 105
275 109
275 112
275 127
275 131
275 144
275 148
275 149
275 165
275 170
275 173
275 203
275 208
275 212
275 227
275 242
275 254
275 262
275 271
275 280
275 291
275 293
275 294
275 297
276 15
276 25
276 34
276 36
276 60
276 63
276 73
276 78
276 86
276 98
276 108
276 111
276 113
276 138
276 147
276 160
276 182
276 211
276 215
276 216
276 219
276 222
276 226
276 229
276 230
276 232
276 237
276 239
276 280
276 282
277 13
277 25
277 42
277 59
277 69
277 77
277 79
277 100
277 101
277 117
277 126
277 139
277 158
277 161
277 162
277 171
277 175
277 215
277 218
277 221
277 225
277 245
277 259
277 271
277 272
277 273
278 14
278 20
278 28
278 57
278 65
278 93
278 96
278 100
278 138
278 148
278 156
278 158
278 177
278 180
278 192
278 193
278 205
278 218
278 226
278 228
278 245
278 248
278 251
278 261
278 272
278 275
278 294
279 4
279 25
279 51
279 56
279 60
279 78
279 81
279 107
279 118
279 129
279 132
279 139
279 145
279 161
279 171
279 184
279 199
279 202
279 214
279 225
279 233
279 236
279 238
279 239
279 245
279 249
279 251
279 253
279 282
279 299
280 7
280 25
280 31
280 75
280 85
280 87
280 100
280 105
280 107
280 115
280 132
280 147
280 148
280 150
280 157
280 175
280 176
280 178
280 180
280 186
280 221
280 229
280 238
280 246
280 247
280 263
280 266
280 267
280 270
280 288
281 8
281 32
281 36
281 49
281 56
281 87
281 94
281 106
281 110
281 125
281 142
281 144
281 203
281 207
281 212
281 231
281 252
281 259
281 289
282 13
282 15
282 21
282 26
282 33
282 45
282 56
282 58
282 91
282 96
282 99
282 100
282 107
282 111
282 113
282 119
282 120
282 121
282 122
282 147
282 148
282 165
282 167
282 173
282 176
282 191
282 195
282 198
282 215
282 231
282 255
282 273
282 275
282 281
282 282
282 296
283 26
283 28
283 37
283 43
283 66
283 68
283 79
283 85
283 92
283 101
283 104
283 127
283 135
283 137
283 140
283 146
283 148
283 155
283 159
283 174
283 178
283 179
283 188
283 202
283 215
283 241
283 253
283 268
283 290
283 293
283 295
284 1
284 57
284 65
284 66
284 73
284 74
284 82
284 84
284 107
284 120
284 122
284 124
284 131
284 137
284 155
284 204
284 210
284 222
284 233
284 234
284 242
284 243
284 250
284 262
284 271
284 284
284 289
285 4
285 13
285 16
285 20
285 21
285 32
285 36
285 40
285 70
285 79
285 86
285 89
285 112
285 124
285 132
285 134
285 152
285 156
285 157
285 163
285 166
285 169
285 176
285 178
285 193
285 213
285 247
285 268
285 269
285 278
285 287
285 288
285 289
286 15
286 21
286 26
286 33
286 45
286 46
286 53
286 56
286 85
286 95
286 107
286 124
286 126
286 137
286 155
286 162
286 168
286 178
286 180
286 181
286 196
286 198
286 201
286 208
286 239
286 272
286 294
287 11
287 12
287 34
287 36
287 46
287 58
287 71
287 84
287 100
287 102
287 151
287 162
287 189
287 197
287 216
287 220
287 261
287 266
287 276
287 281
287 292
287 294
288 26
288 60
288 67
288 90
288 92
288 101
288 131
288 147
288 159
288 179
288 191
288 206
288 227
288 230
288 243
288 261
288 293
289 2
289 4
289 5
289 16
289 21
289 23
289 35
289 62
289 73
289 92
289 93
289 108
289 111
289 144
289 149
289 172
289 175
289 185
289 191
289 206
289 207
289 222
289 228
289 255
289 272
289 279
289 283
290 1
290 11
290 22
290 27
290 29
290 38
290 39
290 50
290 51
290 75
290 81
290 91
290 121
290 128
290 134
290 141
290 142
290 143
290 158
290 159
290 173
290 180
290 199
290 212
290 215
290 216
290 225
290 240
290 256
290 265
290 275
290 287
290 292
291 6
291 10
291 11
291 18
291 30
291 33
291 39
291 62
291 73
291 94
291 107
291 111
291 116
291 141
291 147
291 156
291 157
291 167
291 173
291 195
291 196
291 198
291 200
291 203
291 208
291 228
291 232
291 245
291 247
291 264
291 273
292 4
292 5
292 13
292 16
292 22
292 27
292 50
292 57
292 84
292 103
292 108
292 114
292 115
292 117
292 132
292 134
292 140
292 149
292 150
292 176
292 181
292 183
292 186
292 200
292 213
292 228
292 230
292 236
292 247
292 250
292 253
292 274
292 290
292 291
292 299
293 13
293 21
293 23
293 29
293 61
293 62
293 86
293 127
293 133
293 153
293 155
293 174
293 180
293 187
293 188
293 196
293 206
293 217
293 219
293 234
293 244
293 249
293 255
293 256
293 288
293 292
293 297
294 1
294 28
294 33
294 35
294 62
294 78
294 106
294 110
294 120
294 180
294 184
294 189
294 205
294 221
294 231
294 239
294 244
294 246
294 265
294 270
294 282
295 3
295 11
295 16
295 26
295 29
295 36
295 48
295 50
295 58
295 75
295 85
295 114
295 118
295 125
295 141
295 148
295 179
295 185
295 190
295 196
295 198
295 203
295 221
295 226
295 228
295 229
295 233
295 235
295 239
295 241
295 243
295 246
295 251
295 253
295 256
295 261
295 269
295 275
295 291
295 296
296 11
296 25
296 30
296 50
296 54
296 58
296 62
296 91
296 99
296 102
296 124
296 129
296 130
296 143
296 159
296 176
296 184
296 205
296 221
296 226
296 253
296 260
296 287
296 294
296 299
297 24
297 31
297 39
297 52
297 53
297 58
297 59
297 71
297 102
297 139
297 140
297 157
297 171
297 173
297 181
297 185
297 215
297 216
297 221
297 225
297 232
297 235
297 246
297 250
297 253
297 260
297 266
297 270
297 277
297 285
297 290
298 2
298 22
298 42
298 53
298 58
298 59
298 78
298 86
298 92
298 104
298 110
298 120
298 129
298 132
298 137
298 149
298 152
298 161
298 163
298 167
298 169
298 174
298 218
298 231
298 242
298 254
298 263
298 266
298 283
298 294
298 296
299 6
299 55
299 57
299 65
299 67
299 103
299 144
299 154
299 159
299 164
299 186
299 188
299 191
299 200
299 216
299 248
299 264
299 274
299 297
