200 185 5552 25828
358 241 155 210 140 80 133 513 189 60 375 460 142 123 28 289 468 447 23 124 107 435 200 489 343 520 183 224 108 493 93 401 483 315 396 21 86 217 444 190 84 187 395 49 245 477 103 400 345 357 360 442 278 404 328 389 255 377 109 38 38 486 292 214 436 43 442 93 47 52 244 46 326 67 201 247 338 243 84 21 477 133 498 207 327 258 213 344 211 57 332 408 246 415 375 395 513 116 404 56 389 167 172 125 38 487 411 379 106 240 410 333 399 444 31 116 139 28 456 234 442 177 200 371 85 291 281 309 393 271 352 376 408 432 85 451 242 279 196 196 171 280 313 290 337 394 413 293 130 336 61 121 146 493 318 192 146 323 353 191 242 484 225 427 340 418 342 110 429 424 190 272 290 268 248 411 192 234 255 477 55 401 444 430 518 107 145 455 152 122 248 155 511 185 109 514 258 296 112 472 
156 86 156 155 300 79 31 217 203 281 255 85 146 183 111 278 105 196 167 287 175 96 238 36 211 146 216 153 41 124 218 154 145 308 239 41 181 36 265 81 198 318 113 213 134 329 317 121 87 301 100 111 226 228 55 290 184 186 11 115 161 221 123 292 75 255 316 312 208 58 76 294 254 144 77 97 93 93 136 291 33 15 261 130 266 70 50 24 190 47 263 72 194 85 92 287 84 330 314 20 83 327 316 68 251 11 97 136 88 114 43 26 302 328 121 251 119 265 68 119 268 21 77 227 260 109 273 18 112 184 156 225 98 316 193 27 147 143 93 68 297 293 75 167 94 172 32 45 95 79 281 221 45 213 186 253 274 52 52 322 274 303 34 76 284 21 205 173 71 285 251 41 99 170 303 291 71 56 74 213 319 264 232 75 184 
0 12
0 15
0 16
0 23
0 26
0 27
0 32
0 38
0 41
0 44
0 48
0 58
0 64
0 65
0 66
0 73
0 74
0 78
0 84
0 92
0 100
0 102
0 107
0 109
0 116
0 121
0 123
0 135
0 141
0 145
0 146
0 154
0 155
0 177
1 3
1 16
1 19
1 21
1 26
1 32
1 37
1 40
1 41
1 44
1 56
1 57
1 64
1 67
1 69
1 72
1 79
1 80
1 82
1 100
1 106
1 108
1 111
1 119
1 120
1 121
1 128
1 133
1 139
1 140
1 145
1 148
1 149
1 156
1 158
1 173
2 2
2 7
2 12
2 16
2 22
2 73
2 74
2 75
2 85
2 108
2 114
2 146
2 152
2 153
2 158
2 161
2 169
2 173
3 3
3 12
3 55
3 65
3 68
3 72
3 74
3 75
3 91
3 94
3 97
3 111
3 112
3 113
3 116
3 133
3 135
3 136
3 140
3 145
3 152
3 163
3 170
4 8
4 14
4 15
4 16
4 21
4 24
4 28
4 30
4 40
4 43
4 49
4 52
4 75
4 86
4 89
4 94
4 95
4 101
4 103
4 123
4 125
4 148
4 149
4 154
4 156
4 174
5 6
5 10
5 15
5 28
5 34
5 35
5 42
5 44
5 47
5 52
5 60
5 63
5 73
5 76
5 80
5 92
5 99
5 102
5 107
5 110
5 114
5 116
5 122
5 126
5 127
5 136
5 137
5 143
5 146
5 148
5 150
5 151
5 179
5 181
6 5
6 9
6 11
6 12
6 22
6 24
6 25
6 29
6 51
6 60
6 61
6 82
6 88
6 110
6 113
6 119
6 130
6 158
6 160
6 162
6 177
7 8
7 14
7 24
7 27
7 29
7 47
7 49
7 60
7 61
7 67
7 72
7 77
7 79
7 82
7 85
7 87
7 89
7 94
7 108
7 109
7 110
7 114
7 120
7 147
7 160
7 161
7 164
7 167
7 176
7 177
7 178
8 10
8 18
8 31
8 32
8 33
8 46
8 54
8 69
8 74
8 86
8 119
8 122
8 128
8 129
8 135
8 140
8 154
8 157
8 162
8 168
8 169
8 175
9 4
9 9
9 14
9 18
9 36
9 39
9 40
9 46
9 49
9 58
9 67
9 68
9 72
9 76
9 78
9 94
9 97
9 104
9 108
9 129
9 148
9 156
9 157
9 159
9 165
9 176
9 183
10 0
10 4
10 8
10 17
10 20
10 35
10 46
10 70
10 72
10 77
10 79
10 87
10 90
10 98
10 100
10 104
10 106
10 110
10 112
10 117
10 121
10 123
10 124
10 130
10 131
10 141
10 145
10 147
10 161
10 164
10 172
10 173
10 181
10 184
11 13
11 14
11 26
11 36
11 42
11 46
11 53
11 54
11 57
11 61
11 62
11 64
11 81
11 90
11 91
11 99
11 102
11 115
11 117
11 124
11 132
11 136
11 138
11 144
11 149
11 150
11 156
11 157
11 164
11 170
11 175
11 182
11 183
11 184
12 3
12 7
12 13
12 21
12 22
12 23
12 24
12 28
12 30
12 31
12 33
12 35
12 41
12 53
12 55
12 65
12 69
12 71
12 74
12 78
12 87
12 93
12 95
12 113
12 114
12 124
12 130
12 134
12 139
12 141
12 156
12 171
12 177
12 179
13 0
13 5
13 16
13 20
13 28
13 39
13 42
13 52
13 54
13 65
13 66
13 79
13 84
13 98
13 99
13 100
13 113
13 114
13 117
13 122
13 123
13 127
13 146
13 149
13 154
13 157
13 169
13 170
13 171
13 175
13 184
14 13
14 18
14 30
14 31
14 33
14 36
14 38
14 39
14 40
14 52
14 56
14 58
14 61
14 81
14 83
14 100
14 107
14 108
14 121
14 137
14 139
14 147
14 154
15 0
15 2
15 6
15 10
15 17
15 19
15 20
15 32
15 35
15 39
15 47
15 53
15 55
15 58
15 61
15 62
15 92
15 96
15 107
15 109
15 113
15 119
15 120
15 122
15 127
15 144
15 155
15 159
15 160
15 177
16 4
16 18
16 21
16 22
16 44
16 45
16 49
16 66
16 85
16 88
16 89
16 93
16 96
16 97
16 98
16 99
16 105
16 114
16 117
16 134
16 139
16 140
16 147
16 149
16 150
16 164
16 168
16 171
16 182
17 0
17 2
17 10
17 14
17 37
17 42
17 54
17 58
17 60
17 63
17 70
17 80
17 93
17 101
17 103
17 108
17 120
17 124
17 132
17 134
17 135
17 138
17 139
17 148
17 150
17 154
17 157
17 165
17 167
17 169
17 176
18 0
18 15
18 23
18 27
18 31
18 45
18 48
18 53
18 65
18 72
18 77
18 79
18 93
18 97
18 103
18 122
18 124
18 140
18 141
18 142
18 144
18 145
18 148
18 160
18 172
18 174
18 183
19 10
19 11
19 22
19 28
19 33
19 43
19 54
19 61
19 66
19 85
19 86
19 87
19 94
19 105
19 113
19 123
19 125
19 128
19 135
19 139
19 144
19 147
19 149
19 177
19 180
20 8
20 10
20 11
20 14
20 26
20 34
20 49
20 58
20 76
20 79
20 82
20 85
20 89
20 91
20 114
20 120
20 124
20 127
20 133
20 135
20 147
20 149
20 150
20 151
20 161
20 167
20 172
20 178
21 7
21 11
21 13
21 16
21 20
21 22
21 25
21 39
21 44
21 52
21 56
21 60
21 62
21 70
21 71
21 72
21 82
21 89
21 106
21 112
21 114
21 115
21 116
21 122
21 129
21 131
21 138
21 142
21 146
21 161
21 162
21 167
21 171
22 16
22 18
22 23
22 27
22 39
22 43
22 44
22 45
22 51
22 52
22 57
22 64
22 67
22 68
22 69
22 89
22 90
22 96
22 101
22 113
22 116
22 128
22 129
22 138
22 140
22 150
22 162
22 168
22 176
22 184
23 14
23 21
23 22
23 24
23 31
23 44
23 50
23 58
23 78
23 92
23 93
23 94
23 100
23 108
23 110
23 120
23 125
23 127
23 135
23 138
23 145
23 149
23 161
23 165
23 172
23 175
24 0
24 12
24 26
24 37
24 38
24 40
24 41
24 43
24 53
24 60
24 63
24 75
24 76
24 79
24 91
24 94
24 95
24 100
24 105
24 106
24 109
24 114
24 115
24 127
24 129
24 137
24 146
24 153
24 154
24 172
24 173
24 177
24 178
24 181
24 182
25 2
25 6
25 9
25 16
25 18
25 22
25 27
25 34
25 36
25 37
25 39
25 43
25 44
25 49
25 53
25 54
25 56
25 67
25 72
25 73
25 74
25 91
25 96
25 97
25 105
25 109
25 113
25 124
25 125
25 126
25 127
25 131
25 135
25 136
25 142
25 150
25 152
25 154
25 168
25 171
25 178
25 179
25 181
26 2
26 9
26 58
26 63
26 72
26 75
26 76
26 78
26 83
26 89
26 97
26 99
26 107
26 139
26 146
26 150
26 153
26 156
26 158
26 163
26 164
26 171
26 181
27 3
27 15
27 18
27 27
27 29
27 32
27 37
27 41
27 58
27 80
27 90
27 96
27 102
27 107
27 108
27 109
27 110
27 112
27 120
27 133
27 135
27 152
27 155
27 157
27 166
27 169
27 177
27 181
27 183
28 2
28 17
28 27
28 41
28 42
28 44
28 65
28 76
28 86
28 87
28 89
28 107
28 109
28 112
28 119
28 122
28 128
28 140
28 141
28 146
28 148
28 164
28 167
28 177
28 182
29 6
29 9
29 16
29 24
29 25
29 26
29 27
29 35
29 36
29 39
29 43
29 44
29 49
29 56
29 76
29 78
29 79
29 82
29 89
29 107
29 115
29 139
29 140
29 147
29 166
30 9
30 18
30 24
30 29
30 33
30 36
30 41
30 44
30 61
30 70
30 75
30 76
30 77
30 88
30 91
30 98
30 100
30 106
30 108
30 112
30 117
30 126
30 148
30 174
31 5
31 19
31 21
31 26
31 27
31 34
31 41
31 43
31 45
31 48
31 60
31 61
31 62
31 74
31 78
31 82
31 96
31 104
31 105
31 131
31 136
31 146
31 149
31 156
31 159
31 172
31 174
31 177
32 4
32 5
32 6
32 21
32 27
32 29
32 30
32 34
32 35
32 36
32 42
32 44
32 50
32 55
32 91
32 100
32 109
32 110
32 122
32 128
32 134
32 141
32 160
32 165
32 166
32 174
33 1
33 4
33 12
33 24
33 36
33 44
33 55
33 56
33 57
33 59
33 61
33 68
33 78
33 85
33 99
33 101
33 118
33 123
33 131
33 133
33 134
33 138
33 140
33 154
33 160
33 174
33 184
34 1
34 8
34 11
34 15
34 20
34 22
34 57
34 62
34 79
34 86
34 88
34 94
34 118
34 129
34 139
34 151
34 154
34 155
34 158
34 179
35 7
35 18
35 41
35 56
35 74
35 78
35 84
35 86
35 87
35 97
35 110
35 121
35 128
35 150
35 152
35 154
35 159
35 161
35 163
35 165
35 169
35 173
36 1
36 16
36 27
36 45
36 53
36 58
36 62
36 75
36 78
36 91
36 103
36 119
36 123
36 124
36 126
36 129
36 147
36 153
36 157
36 172
36 173
36 175
36 177
37 4
37 10
37 15
37 16
37 29
37 30
37 40
37 47
37 58
37 63
37 65
37 68
37 71
37 80
37 81
37 84
37 87
37 88
37 99
37 104
37 105
37 109
37 110
37 112
37 114
37 115
37 116
37 122
37 123
37 133
37 138
37 143
37 145
37 150
37 154
37 161
37 183
38 8
38 11
38 26
38 41
38 43
38 45
38 60
38 62
38 69
38 72
38 85
38 88
38 98
38 109
38 112
38 152
38 156
38 163
38 172
38 173
38 179
38 180
39 5
39 8
39 36
39 52
39 56
39 57
39 63
39 66
39 75
39 78
39 79
39 84
39 94
39 96
39 101
39 111
39 133
39 137
39 153
39 157
39 159
39 162
39 166
39 172
39 174
40 0
40 3
40 4
40 6
40 8
40 13
40 18
40 41
40 46
40 62
40 67
40 68
40 76
40 78
40 84
40 88
40 92
40 95
40 99
40 110
40 123
40 135
40 144
40 150
40 153
40 160
40 168
40 173
41 4
41 7
41 19
41 22
41 26
41 29
41 34
41 37
41 50
41 61
41 74
41 78
41 81
41 88
41 92
41 95
41 99
41 100
41 122
41 127
41 128
41 131
41 142
41 152
41 156
41 169
41 179
41 181
41 183
41 184
42 1
42 26
42 31
42 39
42 40
42 44
42 59
42 61
42 69
42 75
42 78
42 100
42 102
42 105
42 119
42 122
42 123
42 132
42 142
42 146
42 152
42 154
42 164
42 170
42 172
42 174
42 177
43 2
43 10
43 20
43 21
43 24
43 26
43 40
43 43
43 47
43 61
43 85
43 86
43 89
43 105
43 128
43 135
43 137
43 139
43 150
43 162
43 173
44 1
44 29
44 31
44 33
44 36
44 42
44 46
44 48
44 51
44 53
44 89
44 101
44 127
44 133
44 155
44 156
44 160
44 162
44 171
44 172
44 175
44 176
44 179
45 0
45 10
45 13
45 15
45 19
45 29
45 31
45 32
45 39
45 44
45 63
45 64
45 72
45 73
45 86
45 91
45 103
45 106
45 113
45 122
45 138
45 146
45 148
45 154
45 168
46 5
46 26
46 39
46 40
46 46
46 52
46 67
46 82
46 85
46 94
46 102
46 108
46 146
46 152
46 153
46 160
46 162
46 168
46 176
46 179
46 181
47 8
47 18
47 22
47 23
47 27
47 38
47 46
47 55
47 57
47 63
47 72
47 78
47 81
47 90
47 95
47 103
47 124
47 134
47 137
47 145
47 160
48 9
48 21
48 26
48 36
48 43
48 53
48 54
48 57
48 60
48 69
48 77
48 78
48 81
48 94
48 101
48 104
48 105
48 106
48 115
48 116
48 120
48 132
48 135
48 141
48 151
48 154
48 155
48 156
48 157
48 177
49 0
49 8
49 9
49 39
49 45
49 51
49 67
49 72
49 86
49 94
49 95
49 98
49 107
49 119
49 124
49 129
49 130
49 138
49 146
49 148
49 160
49 163
49 164
49 168
49 176
49 182
49 183
50 10
50 15
50 18
50 24
50 25
50 26
50 30
50 32
50 33
50 34
50 35
50 43
50 82
50 93
50 95
50 96
50 99
50 102
50 107
50 110
50 122
50 136
50 143
50 158
50 163
50 173
50 176
51 1
51 4
51 6
51 8
51 9
51 10
51 29
51 31
51 32
51 39
51 41
51 66
51 67
51 72
51 75
51 76
51 82
51 83
51 84
51 95
51 99
51 104
51 105
51 106
51 120
51 128
51 130
51 138
51 141
51 146
51 161
51 167
51 182
52 21
52 23
52 30
52 42
52 44
52 46
52 48
52 52
52 57
52 66
52 69
52 71
52 79
52 81
52 85
52 87
52 96
52 97
52 102
52 103
52 106
52 112
52 129
52 130
52 131
52 132
52 135
52 167
53 4
53 15
53 24
53 63
53 78
53 83
53 86
53 90
53 93
53 100
53 101
53 111
53 117
53 126
53 134
53 149
53 168
53 170
53 171
53 176
53 181
54 0
54 7
54 17
54 21
54 39
54 42
54 44
54 76
54 84
54 91
54 101
54 102
54 103
54 105
54 109
54 111
54 117
54 131
54 133
54 156
54 165
54 173
54 175
54 180
54 184
55 0
55 20
55 23
55 31
55 34
55 45
55 49
55 66
55 68
55 73
55 83
55 85
55 87
55 88
55 89
55 104
55 107
55 115
55 118
55 124
55 132
55 152
55 159
55 167
55 170
55 173
55 174
55 177
55 181
56 1
56 14
56 30
56 35
56 38
56 40
56 46
56 49
56 63
56 88
56 92
56 96
56 97
56 101
56 104
56 105
56 109
56 124
56 126
56 133
56 134
56 140
56 165
56 168
56 171
57 11
57 15
57 16
57 38
57 39
57 46
57 47
57 49
57 50
57 80
57 82
57 85
57 96
57 98
57 104
57 116
57 117
57 119
57 120
57 127
57 137
57 157
57 161
57 165
57 170
57 174
58 1
58 3
58 5
58 10
58 36
58 45
58 46
58 48
58 52
58 53
58 64
58 71
58 72
58 75
58 82
58 93
58 97
58 103
58 105
58 112
58 113
58 114
58 118
58 119
58 124
58 125
58 127
58 131
58 133
58 139
58 143
58 146
58 155
58 162
58 184
59 3
59 9
59 11
59 23
59 29
59 37
59 40
59 44
59 57
59 60
59 64
59 65
59 75
59 77
59 103
59 110
59 117
59 122
59 124
59 128
59 141
59 152
59 157
59 158
59 163
59 177
59 179
60 2
60 6
60 11
60 20
60 35
60 38
60 45
60 66
60 71
60 85
60 90
60 94
60 100
60 107
60 126
60 127
60 133
60 135
60 142
60 143
60 153
60 154
60 156
60 157
60 161
60 177
60 178
60 180
60 183
61 2
61 31
61 44
61 46
61 49
61 73
61 76
61 77
61 83
61 99
61 103
61 118
61 124
61 133
61 134
61 146
61 147
61 149
61 150
61 152
61 156
61 165
61 177
61 179
61 184
62 14
62 21
62 28
62 29
62 37
62 47
62 63
62 65
62 69
62 70
62 79
62 82
62 105
62 133
62 134
62 137
62 142
62 145
62 147
62 148
62 154
62 182
62 183
62 184
63 8
63 24
63 31
63 37
63 39
63 52
63 69
63 79
63 83
63 93
63 98
63 108
63 117
63 119
63 124
63 125
63 127
63 131
63 134
63 136
63 139
63 144
63 148
63 155
63 166
63 179
64 1
64 7
64 17
64 18
64 25
64 26
64 27
64 31
64 39
64 43
64 45
64 47
64 48
64 56
64 74
64 86
64 87
64 91
64 92
64 97
64 103
64 106
64 108
64 116
64 117
64 121
64 122
64 123
64 124
64 128
64 134
64 135
64 142
64 146
64 147
64 159
64 172
65 3
65 4
65 16
65 17
65 24
65 30
65 53
65 59
65 69
65 97
65 98
65 107
65 120
65 125
65 138
65 143
65 146
65 148
65 155
65 166
65 179
65 180
66 7
66 11
66 27
66 31
66 33
66 47
66 52
66 70
66 81
66 101
66 109
66 128
66 141
66 145
66 152
66 158
66 161
66 162
66 171
66 179
67 4
67 6
67 10
67 11
67 15
67 20
67 23
67 43
67 44
67 85
67 87
67 88
67 97
67 121
67 123
67 124
67 126
67 134
67 136
67 139
67 145
67 147
67 151
67 159
67 160
67 162
67 173
67 178
67 179
67 181
68 1
68 6
68 12
68 14
68 16
68 20
68 24
68 26
68 27
68 30
68 31
68 35
68 47
68 48
68 51
68 55
68 57
68 61
68 67
68 76
68 81
68 91
68 95
68 105
68 107
68 108
68 115
68 124
68 128
68 141
68 142
68 157
68 175
68 178
68 180
69 0
69 8
69 9
69 12
69 17
69 24
69 26
69 37
69 43
69 51
69 64
69 65
69 72
69 80
69 82
69 92
69 93
69 95
69 104
69 109
69 121
69 122
69 127
69 138
69 140
69 147
69 151
69 154
69 157
69 169
69 173
69 179
70 3
70 14
70 16
70 27
70 29
70 30
70 31
70 47
70 49
70 51
70 52
70 56
70 63
70 66
70 70
70 78
70 81
70 82
70 90
70 95
70 101
70 105
70 120
70 143
70 147
70 164
70 181
70 183
71 1
71 12
71 15
71 19
71 26
71 40
71 41
71 49
71 63
71 68
71 69
71 75
71 76
71 81
71 84
71 91
71 99
71 101
71 102
71 103
71 112
71 114
71 123
71 127
71 131
71 132
71 138
71 148
71 160
71 169
71 170
71 181
72 2
72 6
72 10
72 20
72 24
72 36
72 40
72 44
72 47
72 56
72 95
72 96
72 99
72 103
72 109
72 113
72 116
72 118
72 119
72 124
72 128
72 131
72 136
72 138
72 148
72 158
72 167
72 173
73 14
73 17
73 21
73 26
73 32
73 33
73 46
73 52
73 77
73 85
73 94
73 97
73 111
73 125
73 139
73 141
73 143
73 147
73 155
73 159
73 160
73 169
73 177
74 9
74 11
74 24
74 28
74 37
74 40
74 44
74 46
74 59
74 68
74 77
74 87
74 90
74 103
74 116
74 121
74 131
74 135
74 136
74 140
74 142
74 148
74 150
74 153
74 154
74 158
74 160
74 165
74 168
74 169
74 176
75 26
75 35
75 46
75 49
75 58
75 60
75 62
75 85
75 86
75 88
75 90
75 124
75 141
75 158
75 168
75 171
75 176
75 177
75 179
76 9
76 11
76 14
76 21
76 31
76 55
76 61
76 63
76 67
76 77
76 98
76 99
76 107
76 116
76 127
76 129
76 130
76 159
76 162
76 165
76 173
76 177
76 179
77 1
77 12
77 15
77 24
77 36
77 39
77 41
77 43
77 48
77 51
77 56
77 68
77 69
77 71
77 79
77 87
77 91
77 97
77 118
77 124
77 133
77 141
77 150
77 155
77 157
77 177
78 13
78 31
78 35
78 38
78 39
78 41
78 50
78 51
78 59
78 74
78 76
78 78
78 82
78 83
78 85
78 92
78 94
78 99
78 114
78 115
78 119
78 124
78 129
78 137
78 156
78 157
78 162
78 167
78 171
78 173
78 183
79 13
79 20
79 39
79 41
79 42
79 45
79 47
79 48
79 75
79 91
79 111
79 112
79 125
79 137
79 148
79 158
79 164
79 178
79 183
79 184
80 2
80 8
80 17
80 19
80 30
80 33
80 39
80 45
80 46
80 50
80 53
80 67
80 89
80 93
80 94
80 96
80 105
80 106
80 112
80 137
80 138
80 145
80 148
80 150
80 153
80 154
80 156
80 161
80 167
80 168
80 170
80 175
81 0
81 2
81 7
81 10
81 17
81 18
81 20
81 21
81 24
81 26
81 48
81 50
81 52
81 58
81 65
81 69
81 78
81 80
81 82
81 95
81 97
81 99
81 100
81 121
81 126
81 134
81 146
81 148
81 157
81 162
81 164
81 174
81 178
81 183
82 2
82 4
82 17
82 23
82 26
82 33
82 34
82 35
82 41
82 48
82 56
82 58
82 60
82 62
82 65
82 66
82 68
82 71
82 81
82 94
82 99
82 106
82 108
82 118
82 127
82 138
82 139
82 148
82 157
82 164
82 168
82 172
82 175
83 11
83 14
83 17
83 24
83 30
83 33
83 36
83 43
83 53
83 55
83 61
83 66
83 68
83 70
83 77
83 82
83 87
83 93
83 94
83 100
83 104
83 121
83 127
83 144
83 148
83 156
83 169
83 183
84 1
84 3
84 10
84 13
84 26
84 38
84 39
84 47
84 53
84 54
84 61
84 65
84 69
84 73
84 77
84 81
84 86
84 88
84 91
84 94
84 98
84 106
84 114
84 118
84 126
84 135
84 146
84 147
84 152
84 157
84 167
84 169
84 174
84 176
84 179
85 11
85 20
85 24
85 30
85 32
85 33
85 36
85 39
85 48
85 49
85 50
85 57
85 62
85 63
85 67
85 68
85 70
85 74
85 76
85 85
85 96
85 100
85 119
85 127
85 138
85 141
85 149
85 152
85 158
85 161
85 164
85 171
85 182
86 20
86 36
86 44
86 56
86 73
86 74
86 86
86 88
86 106
86 108
86 110
86 123
86 126
86 143
86 144
86 154
86 162
86 172
86 182
87 18
87 31
87 33
87 47
87 48
87 62
87 75
87 78
87 84
87 87
87 88
87 90
87 92
87 102
87 103
87 113
87 132
87 139
87 141
87 148
87 162
87 170
87 174
87 179
88 5
88 7
88 19
88 40
88 48
88 49
88 50
88 54
88 57
88 64
88 73
88 76
88 78
88 82
88 87
88 92
88 104
88 114
88 115
88 131
88 132
88 141
88 145
88 148
88 151
88 167
88 172
88 183
89 0
89 4
89 19
89 20
89 22
89 26
89 32
89 35
89 40
89 47
89 63
89 76
89 88
89 91
89 111
89 118
89 119
89 122
89 136
89 145
89 157
89 158
89 159
89 162
89 166
89 169
89 171
89 177
90 1
90 4
90 7
90 8
90 10
90 38
90 41
90 51
90 62
90 82
90 104
90 106
90 114
90 122
90 130
90 136
90 138
90 144
90 154
90 164
90 165
90 170
91 0
91 3
91 6
91 7
91 17
91 25
91 40
91 53
91 56
91 63
91 64
91 69
91 81
91 85
91 91
91 93
91 97
91 98
91 104
91 120
91 127
91 130
91 131
91 155
91 157
91 164
91 165
92 0
92 1
92 2
92 14
92 24
92 26
92 30
92 32
92 39
92 44
92 51
92 53
92 57
92 67
92 72
92 91
92 94
92 107
92 113
92 118
92 119
92 120
92 128
92 135
92 149
92 158
92 172
92 175
92 180
93 0
93 10
93 13
93 21
93 25
93 35
93 41
93 43
93 47
93 54
93 58
93 81
93 87
93 93
93 110
93 122
93 135
93 136
93 144
93 170
93 174
93 176
93 180
93 181
94 13
94 26
94 32
94 39
94 41
94 42
94 51
94 56
94 62
94 82
94 84
94 86
94 87
94 91
94 94
94 97
94 99
94 100
94 104
94 117
94 123
94 128
94 132
94 133
94 138
94 146
94 161
94 162
94 171
94 172
94 176
94 184
95 0
95 2
95 3
95 8
95 12
95 14
95 17
95 19
95 23
95 26
95 29
95 44
95 49
95 56
95 63
95 68
95 73
95 96
95 111
95 116
95 117
95 128
95 136
95 144
95 164
95 171
95 176
95 184
96 7
96 10
96 11
96 20
96 23
96 26
96 37
96 38
96 49
96 50
96 57
96 63
96 64
96 72
96 87
96 98
96 107
96 117
96 129
96 131
96 135
96 139
96 160
97 26
97 36
97 47
97 58
97 59
97 67
97 72
97 80
97 82
97 85
97 92
97 94
97 102
97 105
97 113
97 116
97 130
97 166
97 169
97 172
97 183
98 11
98 13
98 20
98 25
98 26
98 29
98 46
98 67
98 77
98 81
98 85
98 86
98 96
98 101
98 106
98 110
98 123
98 133
98 134
98 135
98 138
98 139
98 145
98 147
98 154
98 156
98 167
98 168
98 172
98 176
99 15
99 19
99 20
99 25
99 29
99 34
99 38
99 45
99 48
99 49
99 57
99 58
99 59
99 64
99 86
99 92
99 97
99 104
99 105
99 113
99 114
99 121
99 122
99 123
99 145
99 153
99 156
99 157
99 160
99 161
99 168
99 175
99 177
100 4
100 13
100 26
100 43
100 46
100 59
100 73
100 83
100 89
100 94
100 119
100 120
100 125
100 139
100 147
100 149
100 153
100 171
100 173
100 175
101 0
101 9
101 11
101 30
101 33
101 38
101 39
101 42
101 44
101 45
101 58
101 63
101 73
101 96
101 109
101 117
101 120
101 122
101 126
101 136
101 145
101 147
101 166
101 174
101 175
102 1
102 3
102 7
102 9
102 19
102 22
102 33
102 34
102 36
102 49
102 51
102 57
102 59
102 66
102 70
102 71
102 77
102 78
102 101
102 105
102 107
102 109
102 110
102 116
102 121
102 126
102 128
102 133
102 136
102 144
102 157
102 159
102 162
102 166
102 179
102 181
102 183
103 7
103 26
103 28
103 35
103 42
103 44
103 49
103 51
103 57
103 68
103 74
103 83
103 86
103 102
103 105
103 106
103 115
103 127
103 130
103 138
103 139
103 141
103 163
103 170
103 176
103 184
104 2
104 4
104 7
104 8
104 11
104 12
104 14
104 15
104 20
104 22
104 27
104 29
104 36
104 56
104 60
104 67
104 79
104 90
104 101
104 115
104 123
104 130
104 138
104 140
104 148
104 153
104 158
104 164
104 168
104 172
104 173
104 178
105 2
105 7
105 16
105 17
105 18
105 22
105 36
105 42
105 43
105 58
105 68
105 71
105 76
105 82
105 92
105 95
105 98
105 104
105 112
105 113
105 118
105 144
105 152
105 155
105 160
105 166
105 172
105 173
105 174
105 176
105 178
105 179
105 183
105 184
106 0
106 2
106 11
106 29
106 42
106 44
106 46
106 52
106 57
106 82
106 84
106 94
106 97
106 98
106 99
106 100
106 105
106 109
106 121
106 125
106 127
106 130
106 134
106 141
106 143
106 151
106 159
106 163
106 164
106 171
106 183
107 0
107 14
107 23
107 30
107 38
107 47
107 51
107 58
107 67
107 71
107 80
107 87
107 90
107 97
107 103
107 104
107 108
107 111
107 115
107 116
107 136
107 139
107 145
107 148
107 150
107 152
107 163
107 166
107 170
107 182
107 183
108 0
108 2
108 3
108 4
108 10
108 11
108 17
108 33
108 40
108 44
108 60
108 64
108 69
108 88
108 91
108 98
108 100
108 104
108 107
108 116
108 122
108 125
108 127
108 128
108 132
108 133
108 134
108 135
108 140
108 146
108 149
108 156
108 169
108 174
109 11
109 16
109 19
109 23
109 24
109 32
109 35
109 43
109 46
109 48
109 51
109 52
109 60
109 75
109 78
109 90
109 103
109 105
109 106
109 110
109 119
109 127
109 134
109 135
109 142
109 144
109 147
109 148
109 149
109 154
109 156
109 165
109 173
109 178
110 8
110 14
110 16
110 17
110 27
110 41
110 47
110 58
110 78
110 93
110 103
110 108
110 119
110 120
110 124
110 127
110 128
110 131
110 132
110 134
110 140
110 141
110 148
110 150
110 151
110 152
110 166
110 172
110 179
110 180
110 181
111 5
111 17
111 28
111 35
111 39
111 42
111 44
111 48
111 49
111 59
111 62
111 65
111 66
111 67
111 69
111 77
111 86
111 93
111 105
111 110
111 111
111 127
111 129
111 130
111 131
111 137
111 138
111 142
111 150
111 177
111 178
111 184
112 0
112 24
112 28
112 33
112 34
112 38
112 49
112 53
112 71
112 72
112 75
112 76
112 91
112 97
112 108
112 115
112 117
112 119
112 124
112 126
112 133
112 135
112 139
112 145
112 147
112 153
112 155
112 161
112 168
112 170
112 174
113 16
113 18
113 19
113 26
113 30
113 35
113 36
113 38
113 42
113 43
113 52
113 82
113 83
113 86
113 95
113 96
113 110
113 118
113 130
113 135
113 143
113 148
113 163
113 164
113 165
113 169
113 175
114 20
114 30
114 44
114 85
114 88
114 94
114 106
114 111
114 113
114 129
114 141
114 145
114 152
114 159
114 160
114 165
114 175
115 4
115 10
115 30
115 31
115 32
115 38
115 44
115 48
115 51
115 55
115 58
115 63
115 71
115 73
115 74
115 77
115 86
115 93
115 95
115 97
115 104
115 115
115 116
115 117
115 140
115 148
115 149
115 150
115 151
115 164
115 165
115 166
115 179
115 183
116 3
116 5
116 11
116 25
116 32
116 39
116 41
116 43
116 47
116 50
116 52
116 57
116 61
116 62
116 70
116 73
116 74
116 78
116 83
116 85
116 98
116 106
116 107
116 108
116 121
116 122
116 126
116 128
116 132
116 154
116 158
116 167
116 169
116 170
116 171
116 173
117 7
117 10
117 18
117 19
117 22
117 26
117 31
117 43
117 44
117 52
117 54
117 55
117 77
117 82
117 89
117 91
117 92
117 95
117 96
117 101
117 107
117 113
117 138
117 147
117 149
117 156
117 161
117 162
117 164
117 168
117 170
117 172
117 174
117 176
118 0
118 5
118 7
118 11
118 15
118 23
118 25
118 38
118 51
118 52
118 54
118 57
118 84
118 86
118 96
118 98
118 103
118 117
118 126
118 134
118 135
118 137
118 168
118 183
119 0
119 1
119 15
119 18
119 20
119 24
119 47
119 48
119 54
119 58
119 61
119 64
119 67
119 85
119 88
119 98
119 99
119 123
119 125
119 141
119 143
119 148
119 151
119 152
119 153
119 162
119 177
120 4
120 18
120 23
120 26
120 33
120 39
120 79
120 90
120 92
120 103
120 106
120 114
120 117
120 124
120 129
120 130
120 134
120 140
120 144
120 149
120 154
120 156
120 162
120 165
120 170
121 1
121 2
121 5
121 25
121 54
121 61
121 69
121 73
121 79
121 90
121 91
121 100
121 120
121 121
121 129
121 132
121 135
121 137
121 150
121 151
121 156
121 169
121 172
121 182
122 17
122 24
122 41
122 48
122 50
122 69
122 110
122 118
122 127
122 132
122 146
122 172
122 173
122 176
123 0
123 7
123 16
123 17
123 18
123 25
123 32
123 54
123 62
123 63
123 65
123 70
123 80
123 82
123 87
123 100
123 109
123 110
123 115
123 123
123 130
123 133
123 139
123 140
123 153
123 157
123 159
123 165
124 0
124 3
124 13
124 19
124 31
124 47
124 55
124 59
124 60
124 64
124 74
124 77
124 80
124 85
124 90
124 93
124 103
124 114
124 131
124 132
124 135
124 146
124 158
124 169
124 173
124 177
125 11
125 25
125 27
125 30
125 34
125 37
125 44
125 45
125 60
125 62
125 64
125 71
125 81
125 82
125 86
125 89
125 93
125 104
125 107
125 116
125 117
125 122
125 145
125 146
125 163
125 181
125 184
126 0
126 9
126 17
126 34
126 37
126 48
126 57
126 64
126 66
126 83
126 85
126 90
126 103
126 107
126 110
126 120
126 128
126 147
126 149
126 151
126 152
126 155
126 156
126 164
126 177
126 181
127 5
127 10
127 17
127 24
127 28
127 30
127 39
127 45
127 59
127 65
127 69
127 77
127 78
127 84
127 87
127 89
127 91
127 94
127 96
127 101
127 102
127 104
127 112
127 113
127 129
127 134
127 142
127 149
127 152
127 155
127 157
127 160
127 163
127 170
127 174
127 184
128 4
128 11
128 13
128 22
128 32
128 43
128 45
128 50
128 59
128 65
128 68
128 72
128 79
128 80
128 84
128 92
128 96
128 106
128 114
128 121
128 122
128 138
128 142
128 143
128 144
128 147
128 158
128 168
129 1
129 3
129 11
129 13
129 33
129 55
129 57
129 65
129 66
129 71
129 87
129 92
129 96
129 100
129 104
129 112
129 118
129 120
129 124
129 127
129 143
129 157
129 158
129 159
129 163
129 173
129 174
129 184
130 0
130 2
130 7
130 16
130 20
130 23
130 27
130 60
130 62
130 63
130 64
130 68
130 71
130 80
130 90
130 100
130 101
130 103
130 106
130 111
130 117
130 118
130 123
130 124
130 125
130 129
130 145
130 146
130 147
130 151
130 153
130 158
130 163
130 182
131 18
131 39
131 51
131 53
131 62
131 72
131 76
131 77
131 93
131 103
131 116
131 123
131 127
131 137
131 143
131 148
131 150
131 169
131 171
132 5
132 18
132 22
132 23
132 30
132 39
132 46
132 51
132 52
132 75
132 76
132 79
132 81
132 87
132 95
132 99
132 102
132 118
132 132
132 148
132 162
132 165
133 4
133 13
133 14
133 20
133 27
133 34
133 37
133 41
133 42
133 60
133 81
133 87
133 96
133 97
133 105
133 106
133 121
133 127
133 130
133 134
133 157
133 158
133 163
133 177
133 181
133 182
133 184
134 6
134 8
134 20
134 24
134 29
134 33
134 50
134 64
134 67
134 92
134 94
134 113
134 135
134 137
134 139
134 151
134 161
134 175
135 1
135 4
135 14
135 19
135 27
135 28
135 36
135 41
135 43
135 50
135 51
135 55
135 63
135 91
135 97
135 113
135 117
135 121
135 126
135 128
135 131
135 136
135 139
135 150
135 152
135 158
135 163
135 164
135 171
135 173
136 1
136 13
136 26
136 34
136 36
136 45
136 51
136 58
136 60
136 61
136 63
136 64
136 65
136 73
136 79
136 81
136 88
136 90
136 97
136 98
136 103
136 113
136 116
136 118
136 128
136 130
136 134
136 143
136 146
136 147
136 151
136 155
136 156
136 159
136 160
136 166
136 175
136 179
136 182
137 2
137 9
137 11
137 14
137 15
137 21
137 27
137 31
137 33
137 35
137 37
137 38
137 52
137 57
137 59
137 67
137 68
137 74
137 75
137 78
137 80
137 94
137 96
137 97
137 99
137 112
137 113
137 134
137 137
137 159
137 162
137 163
137 176
137 177
137 178
137 181
138 5
138 9
138 12
138 16
138 22
138 38
138 40
138 41
138 42
138 45
138 46
138 52
138 61
138 67
138 83
138 106
138 110
138 131
138 134
138 148
138 154
138 171
138 174
138 179
138 182
139 2
139 4
139 12
139 24
139 25
139 31
139 34
139 35
139 37
139 38
139 42
139 50
139 54
139 60
139 81
139 91
139 95
139 97
139 100
139 103
139 110
139 112
139 122
139 136
139 145
139 149
139 150
139 154
139 156
139 162
139 165
139 169
139 170
139 176
139 181
139 184
140 1
140 6
140 14
140 15
140 18
140 23
140 44
140 46
140 66
140 82
140 93
140 97
140 107
140 110
140 113
140 118
140 120
140 124
140 125
140 127
140 131
140 135
140 137
140 140
140 149
140 165
140 170
140 172
140 176
140 178
141 1
141 25
141 27
141 30
141 40
141 46
141 53
141 57
141 75
141 96
141 102
141 111
141 113
141 118
141 127
141 129
141 131
141 137
141 145
141 151
141 179
142 10
142 23
142 27
142 31
142 34
142 37
142 44
142 52
142 57
142 61
142 70
142 86
142 97
142 107
142 116
142 128
142 131
142 133
142 137
142 139
142 143
142 144
142 167
142 168
142 173
142 176
142 182
143 2
143 12
143 39
143 40
143 41
143 47
143 62
143 82
143 87
143 113
143 131
143 139
143 141
143 166
143 174
144 4
144 9
144 24
144 29
144 30
144 33
144 44
144 51
144 52
144 58
144 84
144 92
144 97
144 99
144 104
144 115
144 116
144 117
144 120
144 129
144 131
144 134
144 139
144 147
144 151
144 158
144 162
144 168
144 169
145 4
145 13
145 32
145 34
145 41
145 56
145 59
145 60
145 63
145 81
145 91
145 97
145 101
145 113
145 117
145 123
145 141
145 149
145 158
145 170
145 184
146 12
146 13
146 15
146 21
146 24
146 30
146 38
146 45
146 46
146 47
146 67
146 69
146 78
146 86
146 94
146 96
146 101
146 103
146 104
146 113
146 132
146 138
146 145
146 148
146 149
146 154
146 164
146 165
146 173
146 175
146 176
146 177
147 5
147 9
147 36
147 39
147 43
147 44
147 47
147 59
147 71
147 73
147 76
147 82
147 96
147 97
147 99
147 124
147 150
147 168
148 1
148 2
148 3
148 14
148 24
148 25
148 26
148 35
148 49
148 52
148 61
148 67
148 70
148 86
148 92
148 101
148 103
148 106
148 112
148 119
148 140
148 151
148 157
148 158
148 165
148 168
148 171
148 174
148 180
149 7
149 9
149 13
149 16
149 18
149 23
149 24
149 32
149 57
149 59
149 67
149 73
149 79
149 88
149 89
149 95
149 97
149 99
149 102
149 104
149 114
149 120
149 121
149 122
149 125
149 138
149 142
149 145
149 165
149 166
149 172
149 175
149 179
150 0
150 1
150 9
150 15
150 25
150 26
150 29
150 33
150 37
150 45
150 48
150 55
150 56
150 73
150 77
150 80
150 90
150 93
150 94
150 106
150 107
150 110
150 127
150 134
150 162
150 166
150 167
150 169
150 182
151 11
151 13
151 19
151 22
151 23
151 32
151 46
151 51
151 61
151 62
151 66
151 73
151 78
151 81
151 89
151 93
151 94
151 102
151 123
151 127
151 141
151 149
151 150
151 156
151 158
151 159
151 161
151 166
151 167
151 171
151 174
151 177
151 180
152 2
152 7
152 16
152 20
152 21
152 22
152 23
152 27
152 32
152 44
152 45
152 47
152 67
152 74
152 81
152 86
152 89
152 90
152 111
152 116
152 127
152 131
152 149
152 153
152 156
152 157
152 176
152 180
152 184
153 6
153 10
153 22
153 25
153 29
153 30
153 42
153 43
153 59
153 60
153 61
153 75
153 85
153 97
153 101
153 105
153 108
153 112
153 115
153 120
153 125
153 131
153 139
153 148
153 149
153 154
153 160
153 161
153 162
153 164
153 165
153 169
153 180
153 181
154 10
154 24
154 31
154 34
154 36
154 43
154 68
154 77
154 82
154 84
154 98
154 102
154 103
154 105
154 114
154 120
154 131
154 132
154 157
154 164
154 166
154 169
154 172
154 177
154 178
154 179
154 182
154 184
155 0
155 21
155 23
155 34
155 44
155 49
155 50
155 57
155 60
155 68
155 72
155 73
155 76
155 87
155 89
155 98
155 101
155 102
155 116
155 135
155 147
155 156
155 165
155 169
155 176
155 180
155 182
155 184
156 2
156 5
156 6
156 35
156 37
156 49
156 53
156 55
156 57
156 59
156 61
156 66
156 77
156 88
156 99
156 109
156 110
156 111
156 119
156 121
156 126
156 131
156 134
156 135
156 150
156 161
156 175
156 177
156 178
156 179
156 184
157 6
157 9
157 10
157 18
157 48
157 69
157 85
157 86
157 88
157 89
157 96
157 99
157 102
157 111
157 120
157 126
157 128
157 131
157 134
157 136
157 146
157 156
157 159
157 166
157 171
158 9
158 10
158 12
158 20
158 24
158 25
158 28
158 30
158 31
158 52
158 54
158 67
158 71
158 76
158 80
158 82
158 88
158 91
158 98
158 99
158 112
158 117
158 139
158 140
158 147
158 151
158 168
158 184
159 0
159 8
159 12
159 17
159 36
159 50
159 51
159 59
159 65
159 81
159 92
159 93
159 101
159 108
159 113
159 115
159 122
159 125
159 128
159 130
159 131
159 132
159 136
159 143
159 165
159 169
159 171
159 179
160 2
160 10
160 21
160 25
160 26
160 45
160 53
160 56
160 59
160 60
160 67
160 70
160 71
160 77
160 96
160 97
160 101
160 111
160 122
160 125
160 132
160 143
160 180
161 4
161 28
161 39
161 44
161 58
161 62
161 84
161 86
161 87
161 92
161 95
161 109
161 125
161 134
161 142
161 147
161 150
161 156
161 163
161 167
161 178
161 179
162 3
162 6
162 8
162 15
162 23
162 27
162 29
162 31
162 32
162 39
162 57
162 62
162 65
162 72
162 73
162 74
162 75
162 77
162 78
162 85
162 96
162 97
162 98
162 108
162 120
162 121
162 140
162 153
162 156
162 161
162 163
162 171
162 174
163 2
163 5
163 6
163 15
163 21
163 22
163 25
163 33
163 39
163 41
163 46
163 53
163 55
163 59
163 87
163 93
163 95
163 98
163 102
163 111
163 114
163 137
163 155
163 157
163 158
163 177
163 179
163 180
163 181
163 183
163 184
164 5
164 8
164 18
164 33
164 57
164 79
164 91
164 106
164 108
164 121
164 136
164 147
164 154
164 159
164 165
164 177
164 179
165 8
165 14
165 18
165 20
165 23
165 25
165 30
165 40
165 48
165 53
165 57
165 62
165 69
165 74
165 78
165 85
165 94
165 103
165 114
165 116
165 119
165 121
165 128
165 129
165 137
165 139
165 147
165 154
165 158
165 159
165 160
165 163
165 164
165 171
166 18
166 34
166 39
166 41
166 43
166 58
166 73
166 75
166 82
166 84
166 97
166 102
166 104
166 108
166 113
166 121
166 123
166 151
166 156
166 157
166 165
166 170
166 172
166 178
166 179
166 180
167 0
167 3
167 8
167 11
167 14
167 16
167 22
167 30
167 34
167 44
167 63
167 65
167 68
167 71
167 74
167 75
167 80
167 91
167 98
167 100
167 107
167 114
167 115
167 127
167 129
167 140
167 148
167 150
167 153
167 156
167 164
167 172
168 8
168 21
168 23
168 28
168 30
168 33
168 45
168 47
168 50
168 69
168 72
168 82
168 83
168 94
168 99
168 100
168 102
168 104
168 110
168 111
168 122
168 123
168 127
168 128
168 130
168 133
168 140
168 145
168 149
168 153
168 156
168 157
168 159
168 174
168 182
169 3
169 6
169 7
169 14
169 22
169 38
169 43
169 48
169 63
169 64
169 67
169 70
169 87
169 89
169 116
169 119
169 127
169 164
169 175
169 183
170 9
170 12
170 18
170 29
170 35
170 39
170 42
170 46
170 53
170 59
170 79
170 80
170 83
170 84
170 89
170 108
170 113
170 115
170 118
170 138
170 146
170 147
170 155
170 167
170 178
170 184
171 4
171 6
171 14
171 22
171 25
171 29
171 31
171 65
171 67
171 77
171 81
171 88
171 95
171 116
171 136
171 138
171 159
171 161
171 170
171 173
171 174
171 178
171 179
171 180
171 182
172 13
172 16
172 21
172 30
172 39
172 40
172 49
172 59
172 64
172 86
172 92
172 101
172 103
172 106
172 114
172 118
172 130
172 132
172 138
172 142
172 154
172 155
172 163
172 166
172 171
172 172
172 182
173 6
173 14
173 20
173 21
173 24
173 33
173 34
173 36
173 42
173 64
173 74
173 83
173 85
173 95
173 98
173 107
173 124
173 126
173 136
173 145
173 150
173 160
173 164
173 173
173 174
173 183
174 27
174 37
174 44
174 47
174 56
174 79
174 83
174 86
174 87
174 90
174 94
174 123
174 136
174 137
174 143
174 144
174 160
174 161
174 162
174 163
174 164
174 169
174 174
174 184
175 0
175 10
175 15
175 26
175 35
175 50
175 52
175 55
175 57
175 59
175 69
175 81
175 82
175 97
175 98
175 99
175 101
175 104
175 112
175 120
175 124
175 129
175 130
175 136
175 154
175 161
175 162
175 169
175 171
175 176
176 3
176 5
176 14
176 21
176 31
176 41
176 45
176 48
176 52
176 62
176 63
176 75
176 77
176 78
176 85
176 93
176 99
176 101
176 107
176 110
176 121
176 125
176 133
176 141
176 145
176 161
176 175
176 176
176 177
177 5
177 7
177 8
177 11
177 18
177 21
177 26
177 40
177 44
177 49
177 50
177 52
177 82
177 87
177 93
177 97
177 98
177 109
177 118
177 138
177 142
177 144
177 149
177 153
177 158
177 161
177 172
177 176
178 8
178 14
178 36
178 45
178 46
178 53
178 68
178 70
178 72
178 88
178 90
178 93
178 94
178 98
178 100
178 103
178 105
178 111
178 115
178 133
178 135
178 150
178 154
178 158
178 159
178 171
178 182
179 8
179 9
179 13
179 15
179 19
179 22
179 25
179 32
179 34
179 35
179 36
179 48
179 56
179 66
179 71
179 72
179 85
179 89
179 98
179 100
179 106
179 113
179 116
179 121
179 132
179 134
179 141
179 160
179 164
179 168
179 171
179 178
179 180
180 4
180 15
180 33
180 43
180 44
180 55
180 65
180 69
180 79
180 83
180 110
180 122
180 123
180 131
180 132
180 133
180 142
180 149
180 150
180 160
180 164
180 167
180 172
180 174
180 176
180 177
180 181
181 10
181 20
181 22
181 27
181 29
181 30
181 38
181 47
181 53
181 55
181 74
181 86
181 90
181 95
181 115
181 117
181 119
181 120
181 127
181 134
181 142
181 156
181 157
181 160
181 161
181 163
181 178
182 4
182 5
182 39
182 54
182 59
182 66
182 68
182 106
182 131
182 133
182 138
182 145
182 152
182 154
182 157
182 161
182 166
182 170
182 178
182 181
183 0
183 3
183 9
183 12
183 13
183 16
183 20
183 21
183 27
183 35
183 46
183 52
183 56
183 78
183 87
183 96
183 111
183 121
183 124
183 127
183 130
183 132
183 134
183 144
183 147
183 151
183 153
183 159
183 161
183 176
183 178
183 183
184 19
184 21
184 30
184 32
184 39
184 41
184 43
184 55
184 80
184 83
184 85
184 88
184 89
184 90
184 113
184 116
184 125
184 136
184 146
184 149
184 165
184 166
184 183
185 3
185 18
185 23
185 34
185 41
185 43
185 54
185 55
185 68
185 72
185 76
185 90
185 110
185 113
185 117
185 120
185 132
185 134
185 136
185 137
185 139
185 151
185 163
185 166
185 170
185 173
185 183
185 184
186 1
186 9
186 12
186 18
186 19
186 23
186 31
186 32
186 46
186 49
186 67
186 70
186 71
186 83
186 95
186 97
186 99
186 100
186 117
186 127
186 145
186 150
186 151
186 155
186 159
186 163
186 167
186 169
186 171
186 172
186 175
187 2
187 13
187 18
187 30
187 35
187 37
187 51
187 52
187 55
187 58
187 59
187 62
187 63
187 66
187 71
187 72
187 73
187 74
187 75
187 84
187 87
187 92
187 100
187 116
187 119
187 121
187 122
187 123
187 125
187 137
187 162
187 166
187 175
188 1
188 22
188 25
188 34
188 35
188 51
188 52
188 56
188 60
188 66
188 71
188 77
188 83
188 87
188 92
188 124
188 125
188 141
188 142
188 153
188 160
188 164
188 165
188 169
188 177
188 181
189 2
189 8
189 14
189 19
189 37
189 62
189 64
189 74
189 81
189 83
189 85
189 88
189 94
189 106
189 137
189 142
189 145
189 152
189 157
189 158
189 159
189 175
189 183
190 0
190 3
190 5
190 11
190 26
190 29
190 31
190 67
190 69
190 85
190 97
190 98
190 106
190 109
190 118
190 130
190 137
190 139
190 140
190 151
190 162
190 164
190 178
190 184
191 2
191 37
191 42
191 60
191 63
191 67
191 70
191 72
191 81
191 85
191 95
191 126
191 130
191 136
191 162
192 6
192 8
192 11
192 14
192 17
192 22
192 25
192 28
192 29
192 44
192 58
192 73
192 80
192 94
192 99
192 105
192 109
192 115
192 120
192 122
192 125
192 128
192 129
192 138
192 141
192 144
192 146
192 179
192 183
193 2
193 16
193 34
193 45
193 46
193 50
193 58
193 66
193 67
193 84
193 90
193 91
193 96
193 110
193 112
193 115
193 117
193 120
193 121
193 122
193 129
193 135
193 142
193 154
193 158
193 162
193 164
193 176
193 178
193 179
194 6
194 7
194 8
194 15
194 18
194 21
194 22
194 27
194 29
194 36
194 42
194 50
194 52
194 53
194 55
194 62
194 64
194 72
194 74
194 88
194 93
194 106
194 112
194 113
194 121
194 122
194 134
194 148
194 149
194 151
194 156
194 161
194 167
194 171
194 172
194 173
194 175
194 182
194 184
195 3
195 5
195 12
195 17
195 23
195 34
195 35
195 41
195 42
195 46
195 63
195 67
195 68
195 73
195 74
195 75
195 102
195 106
195 108
195 116
195 119
195 139
195 150
195 159
195 160
195 161
195 168
195 170
195 179
195 183
196 13
196 20
196 29
196 38
196 43
196 49
196 50
196 54
196 58
196 66
196 69
196 70
196 73
196 78
196 79
196 80
196 86
196 94
196 96
196 108
196 128
196 131
196 133
196 134
196 139
196 147
196 148
196 151
196 152
196 155
196 159
196 160
196 164
197 2
197 6
197 8
197 15
197 27
197 29
197 32
197 43
197 49
197 52
197 66
197 72
197 76
197 80
197 84
197 85
197 86
197 91
197 95
197 138
197 144
197 145
197 149
197 150
197 155
197 156
197 162
197 166
197 171
197 181
197 183
198 17
198 20
198 31
198 32
198 63
198 65
198 67
198 85
198 90
198 92
198 106
198 108
198 112
198 115
198 119
198 128
198 140
198 141
198 146
198 149
198 164
198 172
198 174
198 176
198 183
199 0
199 2
199 13
199 15
199 18
199 24
199 26
199 33
199 43
199 46
199 49
199 58
199 61
199 64
199 67
199 73
199 79
199 84
199 86
199 102
199 111
199 118
199 145
199 152
199 156
199 160
199 163
199 172
199 173
199 181
199 182
