85 100 1262 14982
392 328 266 459 176 274 474 181 241 230 374 187 231 104 99 307 467 227 223 457 201 494 309 416 89 380 424 118 278 277 397 257 409 230 107 506 412 374 421 469 358 362 366 388 425 28 141 74 89 338 245 123 466 34 48 280 301 229 465 392 98 369 382 351 396 421 269 320 43 89 126 81 383 21 435 288 41 29 417 246 512 348 196 329 155 
94 18 160 69 26 254 47 193 277 28 61 211 298 160 171 158 152 258 23 261 293 234 299 233 172 174 80 44 268 100 293 256 264 185 102 328 228 212 297 113 313 321 11 286 67 149 250 214 85 297 160 99 144 180 199 86 285 151 271 82 239 123 76 27 240 43 325 307 170 186 182 143 163 318 20 20 147 168 307 206 73 101 174 273 134 164 186 152 40 179 310 320 134 309 103 232 14 238 266 71 
0 6
0 8
0 19
0 28
0 30
0 42
0 47
0 60
0 67
0 79
0 84
0 94
0 97
1 5
1 7
1 8
1 15
1 24
1 25
1 27
1 32
1 39
1 43
1 44
1 48
1 56
1 57
1 70
1 78
1 92
1 95
2 19
2 22
2 23
2 25
2 32
2 36
2 39
2 49
2 72
2 80
2 88
2 97
2 99
3 6
3 9
3 17
3 20
3 30
3 40
3 43
3 44
3 50
3 51
3 97
4 9
4 15
4 17
4 25
4 32
4 37
4 58
4 64
4 67
4 69
4 70
4 78
5 6
5 10
5 14
5 26
5 29
5 40
5 50
5 52
5 64
5 73
5 82
5 85
6 4
6 11
6 28
6 33
6 50
6 57
6 73
6 76
6 81
6 82
6 83
6 88
6 89
6 98
7 7
7 8
7 12
7 19
7 40
7 52
7 63
7 69
7 78
7 80
7 82
7 89
7 92
7 95
7 97
8 0
8 4
8 6
8 12
8 22
8 27
8 31
8 44
8 45
8 48
8 51
8 59
8 69
8 72
8 80
8 83
8 93
9 12
9 18
9 31
9 35
9 40
9 56
9 59
9 81
9 85
9 90
9 94
9 98
10 1
10 17
10 21
10 22
10 24
10 26
10 27
10 28
10 31
10 34
10 35
10 51
10 55
10 59
10 77
10 90
10 92
10 99
11 10
11 19
11 28
11 38
11 48
11 71
11 81
11 83
12 2
12 4
12 13
12 18
12 19
12 35
12 37
12 38
12 39
12 54
12 60
12 69
12 77
12 84
12 92
13 4
13 5
13 13
13 15
13 21
13 22
13 24
13 32
13 37
13 42
13 47
13 53
13 59
13 62
13 63
13 70
13 72
13 74
13 82
13 83
13 88
13 97
14 4
14 15
14 25
14 35
14 39
14 44
14 45
14 57
14 61
14 66
14 74
14 75
14 84
14 91
14 93
15 0
15 1
15 10
15 19
15 48
15 70
15 75
15 86
15 88
15 95
16 13
16 34
16 37
16 44
16 52
16 53
16 60
16 64
16 66
16 71
16 77
16 81
16 85
16 89
17 9
17 13
17 15
17 32
17 39
17 51
17 59
17 61
17 66
17 80
17 91
18 3
18 4
18 9
18 15
18 17
18 25
18 35
18 49
18 62
18 69
18 70
18 72
18 95
19 0
19 2
19 24
19 37
19 38
19 48
19 49
19 56
19 69
19 74
19 79
19 92
19 94
19 98
20 4
20 7
20 12
20 13
20 25
20 26
20 31
20 42
20 49
20 51
20 56
20 59
20 90
20 91
20 97
20 98
21 9
21 10
21 15
21 24
21 34
21 37
21 38
21 43
21 47
21 53
21 62
21 75
21 85
22 2
22 9
22 22
22 29
22 35
22 40
22 62
22 63
22 68
22 72
22 74
22 76
22 86
22 87
22 94
22 95
22 97
23 2
23 9
23 10
23 13
23 15
23 18
23 20
23 32
23 43
23 45
23 47
23 49
23 50
23 51
23 63
23 70
23 79
23 93
24 2
24 4
24 9
24 17
24 19
24 21
24 24
24 26
24 33
24 37
24 48
24 53
24 71
24 72
24 95
25 4
25 11
25 13
25 48
25 61
25 83
25 88
25 90
25 91
25 95
25 99
26 1
26 5
26 17
26 27
26 33
26 35
26 36
26 40
26 48
26 53
26 55
26 59
26 68
26 77
26 81
26 88
27 12
27 21
27 24
27 33
27 60
27 64
27 68
27 71
27 72
27 79
27 80
27 84
27 87
27 90
27 92
28 1
28 3
28 5
28 6
28 11
28 22
28 24
28 26
28 30
28 33
28 34
28 37
28 40
28 48
28 52
28 53
28 63
28 69
28 76
28 80
28 85
28 99
29 14
29 19
29 21
29 23
29 29
29 36
29 41
29 46
29 59
29 60
29 64
29 71
29 78
29 87
29 90
29 91
30 2
30 9
30 33
30 37
30 47
30 49
30 60
30 77
30 88
30 99
31 4
31 5
31 10
31 18
31 20
31 26
31 45
31 48
31 61
31 64
31 76
31 82
31 86
31 95
31 96
32 0
32 2
32 15
32 21
32 40
32 44
32 46
32 51
32 53
32 54
32 56
32 67
32 69
32 71
32 84
32 88
32 97
33 3
33 12
33 14
33 18
33 26
33 30
33 31
33 33
33 37
33 39
33 42
33 46
33 53
33 76
33 80
33 83
33 88
33 89
33 96
33 97
34 3
34 9
34 11
34 15
34 19
34 21
34 24
34 26
34 31
34 32
34 45
34 50
34 65
34 69
34 70
34 75
34 79
34 81
34 82
34 85
34 87
34 90
35 19
35 21
35 23
35 25
35 45
35 48
35 49
35 52
35 57
35 58
35 61
35 62
35 64
35 66
35 69
35 78
35 86
35 94
36 9
36 16
36 22
36 32
36 34
36 44
36 46
36 55
36 79
36 88
37 1
37 8
37 18
37 19
37 31
37 47
37 57
37 60
37 74
37 76
37 78
37 85
37 88
37 89
37 96
37 99
38 20
38 30
38 31
38 32
38 53
38 66
38 70
38 73
38 78
38 83
38 85
38 88
38 93
38 95
39 12
39 27
39 34
39 35
39 54
39 62
39 70
39 74
39 81
39 87
39 90
39 97
40 3
40 10
40 21
40 36
40 40
40 49
40 51
40 58
40 68
40 69
40 70
40 78
40 81
40 90
40 94
40 96
41 8
41 16
41 17
41 38
41 49
41 51
41 87
41 89
41 91
42 0
42 3
42 7
42 17
42 24
42 27
42 29
42 40
42 43
42 49
42 74
42 77
42 78
42 92
42 96
43 3
43 7
43 8
43 12
43 21
43 34
43 63
43 64
43 70
43 77
43 79
43 84
44 45
44 52
44 62
44 63
44 65
44 66
44 67
44 73
44 85
44 89
44 92
44 93
44 95
44 97
44 98
45 4
45 11
45 15
45 19
45 22
45 43
45 51
45 53
45 58
45 59
45 60
45 64
45 70
45 71
45 89
45 92
45 93
46 2
46 6
46 7
46 20
46 37
46 42
46 45
46 47
46 48
46 72
46 79
47 6
47 7
47 12
47 17
47 24
47 32
47 33
47 34
47 35
47 39
47 40
47 65
47 77
47 81
47 83
47 90
47 94
48 6
48 16
48 20
48 22
48 24
48 33
48 36
48 38
48 41
48 42
48 53
48 58
48 66
48 67
48 72
48 74
48 99
49 4
49 5
49 9
49 15
49 18
49 23
49 26
49 29
49 33
49 34
49 36
49 46
49 51
49 55
49 68
49 72
49 77
49 79
49 81
49 82
49 85
49 94
49 96
50 0
50 3
50 6
50 7
50 11
50 15
50 18
50 20
50 21
50 24
50 32
50 45
50 66
50 69
50 77
50 83
51 19
51 31
51 32
51 36
51 37
51 39
51 53
51 55
51 65
51 78
51 92
52 5
52 8
52 11
52 12
52 13
52 15
52 21
52 25
52 29
52 42
52 49
52 53
52 54
52 55
52 61
52 64
53 8
53 12
53 15
53 16
53 27
53 34
53 35
53 54
53 62
53 74
53 79
53 80
53 91
53 95
54 3
54 6
54 14
54 27
54 37
54 39
54 47
54 66
54 76
54 78
54 79
54 92
55 2
55 3
55 11
55 12
55 21
55 26
55 37
55 45
55 47
55 50
55 52
55 55
55 57
55 58
55 60
55 64
55 65
55 84
55 96
55 97
56 1
56 2
56 5
56 8
56 13
56 33
56 40
56 48
56 53
56 65
56 67
56 72
56 84
56 90
56 96
57 11
57 12
57 27
57 32
57 37
57 51
57 53
57 62
57 72
57 81
57 97
58 0
58 4
58 5
58 14
58 25
58 26
58 28
58 32
58 33
58 35
58 37
58 41
58 45
58 47
58 67
58 82
58 98
59 2
59 7
59 25
59 26
59 30
59 35
59 36
59 49
59 50
59 52
59 58
59 62
59 70
59 72
59 74
59 78
59 92
59 94
59 95
60 2
60 3
60 27
60 30
60 33
60 35
60 46
60 54
60 63
60 76
60 77
60 79
60 87
60 92
60 93
61 0
61 4
61 11
61 13
61 14
61 17
61 19
61 27
61 45
61 65
61 67
61 69
61 71
61 75
61 84
61 85
61 95
62 5
62 16
62 21
62 36
62 40
62 44
62 47
62 61
62 62
62 63
62 84
62 88
62 89
62 97
63 5
63 13
63 40
63 41
63 42
63 47
63 54
63 71
63 75
63 79
63 83
63 84
63 88
63 98
64 7
64 13
64 15
64 16
64 27
64 29
64 30
64 31
64 36
64 41
64 43
64 46
64 48
64 51
64 61
64 73
64 75
64 83
64 85
64 89
64 93
65 14
65 22
65 30
65 51
65 58
65 60
65 63
65 64
65 67
65 92
66 3
66 6
66 15
66 23
66 37
66 39
66 52
66 53
66 56
66 68
66 82
66 83
66 97
66 98
66 99
67 0
67 3
67 14
67 22
67 23
67 33
67 42
67 51
67 74
67 78
67 84
67 86
67 94
67 95
68 0
68 8
68 9
68 10
68 11
68 19
68 23
68 29
68 30
68 32
68 41
68 43
68 48
68 55
68 60
68 67
68 73
68 75
68 77
68 87
68 90
68 98
68 99
69 14
69 15
69 16
69 24
69 28
69 58
69 63
69 67
69 73
69 86
69 97
70 3
70 13
70 17
70 22
70 40
70 51
70 52
70 56
70 59
70 75
70 76
70 79
70 82
70 93
71 11
71 15
71 18
71 30
71 32
71 52
71 57
71 62
71 68
71 75
71 86
71 87
71 88
71 90
71 91
72 8
72 12
72 21
72 22
72 23
72 27
72 47
72 50
72 55
72 59
72 61
72 63
72 82
72 96
72 97
73 1
73 4
73 5
73 7
73 8
73 11
73 13
73 21
73 24
73 25
73 26
73 47
73 57
73 58
73 64
73 74
73 77
73 96
74 15
74 40
74 59
74 74
74 78
74 90
74 93
75 8
75 13
75 17
75 22
75 26
75 29
75 32
75 34
75 36
75 43
75 48
75 49
75 50
75 68
75 70
75 71
75 82
75 96
76 7
76 9
76 16
76 28
76 37
76 44
76 54
76 61
76 66
76 77
76 85
76 88
76 91
77 9
77 13
77 19
77 20
77 26
77 27
77 31
77 54
77 58
77 61
77 63
77 67
77 69
77 74
77 87
77 92
78 1
78 2
78 7
78 13
78 19
78 20
78 26
78 27
78 38
78 42
78 48
78 51
78 53
78 55
78 59
78 64
78 65
78 78
78 80
78 88
78 92
78 97
79 18
79 22
79 28
79 44
79 52
79 54
79 65
79 79
79 88
79 96
79 98
80 3
80 9
80 14
80 18
80 33
80 40
80 44
80 48
80 56
80 57
80 68
80 69
80 72
80 86
81 6
81 27
81 31
81 32
81 37
81 42
81 51
81 53
81 55
81 57
81 68
81 77
81 84
81 95
81 99
82 17
82 23
82 27
82 31
82 35
82 44
82 51
82 58
82 59
82 68
82 70
82 74
82 86
82 96
83 9
83 29
83 42
83 48
83 62
83 68
83 82
83 83
83 84
83 97
84 0
84 15
84 21
84 25
84 53
84 66
84 71
84 73
84 76
84 80
84 86
84 87
84 91
