100 100 992 11223
38 502 485 258 69 409 444 27 120 239 231 165 414 43 175 101 372 142 334 268 132 491 373 417 360 494 520 385 227 101 360 137 204 487 304 229 128 152 350 444 315 152 268 435 461 510 398 157 407 183 94 192 211 358 360 420 399 143 517 435 161 348 513 370 313 487 43 161 445 305 478 213 450 411 469 402 155 336 32 79 457 64 280 398 461 222 94 442 378 487 32 51 505 108 418 377 502 474 247 493 
91 329 132 220 54 25 188 292 47 32 249 15 51 193 283 123 187 14 196 85 51 57 69 16 168 313 124 150 222 135 89 67 225 207 168 251 28 219 39 248 301 310 175 194 327 241 187 95 221 103 104 55 130 20 25 115 156 229 285 11 48 288 101 247 17 80 15 313 261 39 30 257 164 71 255 321 330 242 44 293 153 258 120 90 45 116 126 330 103 120 64 25 193 106 208 58 127 158 143 70 
0 7
0 19
0 20
0 22
0 50
0 51
0 55
0 59
0 61
0 63
0 68
0 71
0 92
0 98
1 2
1 8
1 10
1 35
1 48
1 52
1 54
1 68
1 93
1 97
2 0
2 12
2 15
2 18
2 30
2 46
2 58
2 71
2 88
2 94
3 2
3 40
3 47
3 58
3 77
3 87
3 95
4 6
4 11
4 12
4 24
4 35
4 44
4 54
4 55
4 72
4 88
4 91
4 99
5 12
5 13
5 27
5 44
5 50
5 52
5 62
5 91
5 98
6 18
6 19
6 31
6 34
6 47
6 56
6 66
6 75
6 76
6 77
6 83
6 85
6 86
6 91
6 93
6 94
6 96
6 98
6 99
7 9
7 12
7 19
7 21
7 52
7 58
7 64
8 13
8 17
8 39
8 47
8 55
8 65
8 71
8 73
8 74
8 87
8 88
8 91
8 99
9 9
9 23
9 34
9 44
9 55
9 74
9 77
9 81
9 82
9 85
9 90
10 26
10 35
10 39
10 40
10 43
10 44
10 48
10 78
10 80
10 94
10 99
11 34
11 39
11 71
11 75
11 86
11 95
12 4
12 17
12 19
12 39
12 46
12 52
12 56
12 63
12 93
13 3
13 8
13 11
13 15
13 19
13 20
13 24
13 42
13 55
13 60
13 62
13 64
13 68
13 71
13 89
13 90
13 91
13 92
13 97
14 29
14 30
14 53
14 62
14 63
14 73
14 74
14 77
14 85
14 93
14 94
14 95
14 96
15 3
15 11
15 21
15 40
15 53
15 57
15 61
15 62
15 83
15 89
15 91
15 93
16 0
16 12
16 16
16 18
16 23
16 32
16 36
16 37
16 46
16 49
16 67
16 71
16 74
16 79
16 80
16 84
16 87
17 9
17 17
17 46
17 57
17 70
17 98
18 5
18 29
18 40
18 43
18 57
18 77
18 87
18 91
18 94
19 0
19 5
19 6
19 11
19 20
19 24
19 27
19 28
19 34
19 37
19 47
19 59
19 62
19 72
19 80
19 82
19 97
20 2
20 5
20 6
20 18
20 36
20 38
20 53
20 63
20 68
20 70
20 71
20 76
20 80
20 90
20 95
21 16
21 22
21 23
21 36
21 52
21 75
21 77
21 80
21 87
21 88
21 91
21 99
22 0
22 7
22 17
22 25
22 34
22 46
22 67
22 77
22 80
22 83
22 89
23 10
23 12
23 16
23 18
23 27
23 35
23 39
23 45
23 57
23 60
23 64
23 70
23 74
23 75
23 82
23 83
24 1
24 3
24 17
24 28
24 31
24 34
24 57
24 60
24 62
24 63
24 68
24 69
24 70
24 82
25 33
25 42
25 43
25 64
25 74
25 75
25 97
26 21
26 64
26 71
26 82
26 92
27 24
27 35
27 55
27 79
27 94
28 1
28 7
28 24
28 38
28 40
28 50
28 53
28 55
28 59
28 61
28 69
28 78
28 82
29 18
29 21
29 25
29 34
29 44
29 60
29 70
29 79
29 84
29 91
29 94
29 96
29 97
30 9
30 11
30 25
30 35
30 42
30 48
30 60
30 73
30 74
30 88
31 1
31 9
31 22
31 30
31 40
31 53
31 60
31 68
31 72
31 90
32 11
32 44
32 50
32 60
32 65
32 71
32 74
32 91
33 0
33 17
33 24
33 34
33 49
33 50
33 83
33 87
34 14
34 23
34 28
34 29
34 31
34 35
34 60
34 73
34 93
35 3
35 4
35 5
35 11
35 14
35 18
35 27
35 35
35 46
35 80
36 6
36 13
36 18
36 32
36 34
36 38
36 60
36 63
36 74
37 26
37 34
37 38
37 42
37 51
37 56
37 62
37 66
37 69
37 82
37 97
38 1
38 5
38 34
38 52
38 56
38 65
38 75
38 89
39 5
39 10
39 27
39 29
39 42
39 43
39 55
39 57
39 73
39 74
39 91
39 97
40 8
40 10
40 31
40 36
40 42
40 46
40 47
40 55
40 67
40 69
40 77
40 81
41 14
41 18
41 20
41 24
41 35
41 51
41 53
41 58
41 63
41 83
41 94
42 4
42 26
42 31
42 34
42 62
42 66
42 72
42 91
42 98
43 22
43 40
43 55
43 69
44 4
44 7
44 8
44 9
44 13
44 14
44 25
44 31
44 33
44 34
44 35
44 38
44 42
44 50
44 58
44 78
45 11
45 22
45 24
45 25
45 42
45 45
45 74
45 79
45 97
45 98
46 1
46 8
46 11
46 21
46 25
46 40
46 42
46 44
46 68
46 73
46 76
46 85
47 38
47 43
47 52
47 57
47 69
47 78
47 83
47 87
48 0
48 24
48 41
48 54
48 56
48 79
48 94
49 1
49 2
49 17
49 65
49 81
49 85
50 4
50 19
50 32
50 40
50 41
50 42
50 43
50 59
50 73
50 87
50 88
50 99
51 12
51 15
51 38
51 53
52 0
52 7
52 18
52 31
52 35
52 36
52 46
52 62
52 68
52 69
52 77
52 81
52 94
53 3
53 7
53 13
53 18
53 42
53 44
53 48
53 52
53 66
53 72
54 9
54 29
54 65
54 67
55 1
55 4
55 23
55 24
55 27
55 40
55 45
55 52
55 73
55 78
55 99
56 13
56 15
56 16
56 39
56 83
57 2
57 5
57 11
57 14
57 18
57 35
57 38
57 56
57 58
57 62
57 72
57 98
58 3
58 4
58 8
58 11
58 40
58 43
58 60
58 68
58 76
58 86
58 93
58 97
59 2
59 11
59 25
59 28
59 30
59 50
59 61
59 67
59 82
60 27
60 40
60 53
60 56
60 67
60 75
60 80
61 0
61 5
61 6
61 10
61 11
61 12
61 16
61 29
61 45
61 50
61 56
61 58
61 66
61 86
61 93
62 28
62 30
62 52
62 56
62 64
62 74
62 79
62 80
62 91
63 7
63 19
63 20
63 36
63 39
63 43
63 45
63 57
63 58
63 76
63 83
63 84
63 87
64 0
64 1
64 7
64 14
64 19
64 29
64 30
64 39
64 66
64 91
65 12
65 26
65 86
66 5
66 11
66 30
66 42
66 45
66 73
66 78
66 89
66 93
66 96
66 97
67 0
67 2
67 11
67 16
67 36
67 38
67 52
67 53
67 57
67 61
67 78
67 87
67 89
67 95
68 11
68 63
68 72
68 74
68 76
68 97
68 99
69 5
69 23
69 77
70 0
70 10
70 26
70 33
70 38
70 55
70 66
70 85
70 88
71 2
71 6
71 27
71 38
71 43
71 46
71 84
71 96
72 3
72 10
72 14
72 15
72 24
72 38
72 47
72 50
72 70
72 83
72 90
73 10
73 11
73 19
73 23
73 35
73 42
73 50
73 81
73 87
73 99
74 5
74 7
74 10
74 18
74 31
74 52
74 55
74 56
74 67
74 68
74 69
74 73
74 77
74 86
74 97
75 6
75 18
75 56
75 59
75 66
75 85
76 12
76 21
76 34
76 43
76 61
76 64
76 91
77 12
77 13
77 14
77 34
77 39
77 56
77 64
77 67
77 75
77 84
77 95
78 38
78 41
78 44
78 56
79 2
79 7
79 22
79 30
79 45
79 46
79 49
79 73
79 89
79 99
80 0
80 11
80 40
80 46
80 48
80 52
80 63
80 79
80 84
80 88
80 90
81 26
81 27
81 70
81 73
81 77
81 85
81 97
82 14
82 17
82 30
82 39
82 65
82 75
83 21
83 47
83 69
83 77
83 79
83 80
83 85
83 93
84 4
84 5
84 11
84 31
84 36
84 49
84 51
84 58
84 69
84 71
84 72
84 73
84 78
85 5
85 13
85 32
85 67
85 85
85 96
85 97
86 6
86 12
86 16
86 20
86 37
86 56
86 57
86 81
86 84
86 91
87 21
87 24
87 39
87 41
87 52
87 55
87 78
87 89
87 94
88 0
88 3
88 6
88 22
88 24
88 46
88 67
88 71
89 2
89 10
89 20
89 35
89 36
89 37
89 40
89 62
89 71
89 94
89 97
90 8
90 11
90 30
90 56
90 58
90 63
90 68
91 1
91 7
91 22
91 47
91 48
91 68
91 90
91 92
92 22
92 25
92 32
92 35
92 44
92 51
92 53
92 57
92 58
92 63
92 67
92 70
92 89
92 97
92 98
93 36
93 37
93 51
93 60
93 65
93 82
93 84
93 86
94 2
94 5
94 8
94 37
94 38
94 40
94 99
95 14
95 38
95 48
95 57
95 97
96 14
96 16
96 17
96 18
96 30
96 34
96 48
96 63
96 82
96 94
97 5
97 13
97 31
97 49
97 51
97 68
97 79
97 90
98 6
98 8
98 10
98 18
98 38
98 41
98 43
98 46
98 53
98 59
98 77
98 80
99 6
99 12
99 13
99 27
99 29
99 45
99 46
99 56
99 64
99 66
99 68
99 71
99 75
99 88
99 92
