200 185 3576 22809
319 40 450 256 24 360 302 458 199 346 32 225 258 360 130 212 457 408 266 100 92 333 180 401 81 292 260 366 415 509 135 98 110 304 116 30 175 198 251 440 41 66 343 361 498 383 122 211 433 401 374 40 73 521 250 406 291 375 161 282 454 408 67 83 251 364 159 74 102 54 478 380 330 256 406 461 268 433 66 375 295 316 175 448 117 318 515 56 187 456 23 172 477 319 180 164 350 255 37 399 449 390 483 245 55 431 147 32 221 230 168 443 482 420 333 302 358 487 162 153 128 428 131 268 180 518 120 186 473 83 126 448 150 468 345 479 445 270 407 520 408 307 408 52 372 345 432 123 31 100 159 90 119 148 392 423 364 90 407 169 421 307 24 506 338 64 312 117 181 306 152 297 270 308 343 216 395 76 286 352 371 235 334 238 116 232 26 333 119 33 27 421 45 142 149 183 140 164 304 174 
34 237 193 15 211 201 130 145 167 232 40 38 168 117 217 226 170 192 259 127 42 235 295 221 54 284 43 35 189 272 53 76 228 208 97 43 188 48 167 321 114 250 215 76 32 156 216 253 244 98 87 16 112 266 83 52 109 316 256 154 113 87 240 305 50 156 328 34 126 60 156 85 181 167 185 257 326 137 277 70 94 33 199 209 62 54 60 278 225 68 265 134 133 224 70 16 225 132 79 234 200 225 80 246 282 275 13 289 270 135 176 296 112 247 14 18 140 196 231 83 261 235 297 318 169 43 267 308 196 209 256 308 146 145 316 182 117 168 119 19 193 157 33 19 289 318 324 205 235 283 35 32 187 273 26 326 78 197 52 260 182 113 249 109 272 18 328 95 30 30 46 23 66 141 69 55 164 142 297 331 91 213 270 175 318 
0 19
0 29
0 35
0 45
0 53
0 58
0 87
0 105
0 115
0 144
0 162
0 163
0 172
0 178
1 3
1 6
1 29
1 39
1 44
1 56
1 67
1 89
1 92
1 101
1 106
1 121
1 124
1 126
1 134
1 137
1 141
1 145
1 149
1 150
1 158
1 165
1 172
1 181
2 1
2 13
2 17
2 20
2 24
2 32
2 42
2 50
2 58
2 60
2 66
2 77
2 94
2 97
2 99
2 108
2 134
2 139
2 147
2 152
2 153
2 160
2 166
2 182
3 13
3 25
3 36
3 37
3 42
3 44
3 46
3 53
3 56
3 63
3 68
3 70
3 96
3 103
3 107
3 111
3 112
3 116
3 124
3 131
3 178
4 31
4 34
4 45
4 46
4 50
4 64
4 65
4 67
4 71
4 79
4 83
4 95
4 108
4 121
4 128
4 147
4 154
4 170
5 39
5 41
5 48
5 58
5 83
5 98
5 101
5 108
5 113
5 119
5 127
5 129
5 131
5 133
5 143
5 145
5 164
5 171
5 178
6 13
6 21
6 56
6 63
6 99
6 104
6 119
6 135
6 147
6 175
6 180
6 181
7 8
7 26
7 32
7 49
7 76
7 90
7 111
7 116
7 120
7 122
7 129
7 136
7 137
7 148
7 174
7 175
7 180
7 183
8 13
8 16
8 21
8 28
8 42
8 53
8 58
8 61
8 62
8 64
8 65
8 67
8 91
8 94
8 97
8 106
8 108
8 118
8 125
8 127
8 128
8 159
8 161
8 167
9 5
9 15
9 19
9 26
9 34
9 47
9 48
9 53
9 63
9 68
9 70
9 79
9 85
9 87
9 92
9 106
9 117
9 119
9 125
9 136
9 144
9 147
9 179
9 180
10 1
10 11
10 15
10 22
10 25
10 42
10 45
10 47
10 69
10 74
10 92
10 105
10 116
10 129
10 130
10 135
10 136
10 156
10 184
11 16
11 28
11 34
11 57
11 73
11 92
11 94
11 150
11 167
11 169
12 10
12 12
12 31
12 32
12 53
12 57
12 58
12 70
12 72
12 81
12 85
12 90
12 116
12 120
12 128
12 154
12 160
13 5
13 18
13 21
13 23
13 35
13 37
13 42
13 56
13 65
13 78
13 80
13 81
13 87
13 92
13 95
13 104
13 123
13 124
13 126
13 134
13 140
13 155
13 165
13 166
13 168
13 170
13 175
13 179
14 4
14 9
14 18
14 37
14 38
14 49
14 50
14 58
14 59
14 60
14 69
14 96
14 98
14 115
14 123
14 131
14 133
14 168
14 174
15 32
15 39
15 66
15 72
15 74
15 80
15 82
15 101
15 108
15 116
15 117
15 121
15 160
15 179
15 180
16 2
16 13
16 40
16 41
16 42
16 47
16 60
16 66
16 68
16 70
16 103
16 125
16 133
16 140
16 150
16 154
16 159
16 172
16 183
17 4
17 15
17 23
17 24
17 29
17 51
17 54
17 55
17 59
17 83
17 96
17 109
17 114
17 126
17 127
17 143
17 172
18 8
18 11
18 27
18 52
18 66
18 70
18 92
18 95
18 107
18 110
18 113
18 115
18 125
18 136
18 143
18 152
18 159
18 164
18 166
19 4
19 7
19 24
19 53
19 68
19 70
19 77
19 82
19 83
19 159
19 170
19 172
19 173
19 179
19 181
20 17
20 18
20 20
20 29
20 32
20 49
20 55
20 64
20 67
20 69
20 100
20 105
20 111
20 121
20 129
20 136
20 140
20 169
20 171
21 24
21 34
21 47
21 80
21 87
21 100
21 111
21 113
21 117
21 148
21 150
21 152
21 158
21 162
21 165
21 166
21 169
21 171
21 174
21 182
22 1
22 6
22 20
22 35
22 43
22 46
22 85
22 89
22 90
22 101
22 119
22 134
22 147
22 150
22 154
22 175
23 18
23 34
23 48
23 52
23 68
23 72
23 78
23 83
23 86
23 102
23 120
23 121
23 144
23 147
23 163
23 167
24 7
24 16
24 21
24 32
24 36
24 37
24 44
24 55
24 71
24 80
24 84
24 109
24 114
24 116
24 117
24 136
24 138
24 140
24 144
24 160
24 169
24 170
24 172
25 0
25 1
25 8
25 17
25 20
25 27
25 31
25 39
25 45
25 47
25 59
25 64
25 75
25 84
25 92
25 100
25 104
25 116
25 127
25 139
25 141
25 154
25 170
25 176
25 180
26 9
26 25
26 43
26 52
26 62
26 71
26 76
26 89
26 116
26 119
26 128
26 135
26 155
26 158
26 164
26 171
26 176
26 184
27 4
27 6
27 21
27 55
27 56
27 63
27 64
27 66
27 87
27 89
27 99
27 107
27 114
27 122
27 152
27 153
27 162
27 167
27 168
27 174
27 184
28 6
28 20
28 22
28 24
28 25
28 31
28 46
28 48
28 56
28 58
28 103
28 105
28 106
28 140
28 167
28 175
29 5
29 6
29 9
29 15
29 32
29 45
29 48
29 51
29 59
29 66
29 74
29 77
29 80
29 85
29 107
29 137
29 150
29 152
29 154
29 156
29 162
29 167
29 184
30 11
30 25
30 51
30 89
30 102
30 107
30 109
30 113
30 122
30 128
30 137
30 139
30 155
31 3
31 8
31 32
31 47
31 55
31 56
31 57
31 69
31 89
31 92
31 117
31 118
31 124
31 154
32 4
32 9
32 23
32 28
32 30
32 46
32 56
32 59
32 73
32 82
32 84
32 88
32 101
32 104
32 106
32 122
32 131
32 134
32 139
32 147
32 149
32 173
32 176
33 3
33 5
33 8
33 21
33 22
33 23
33 30
33 57
33 65
33 77
33 91
33 96
33 115
33 139
33 146
33 171
34 17
34 22
34 25
34 53
34 56
34 62
34 72
34 84
34 89
34 90
34 92
34 93
34 95
34 106
34 115
34 116
34 122
34 132
34 133
34 142
34 145
34 150
34 158
34 168
34 183
35 0
35 5
35 9
35 39
35 49
35 85
35 102
35 119
35 121
35 134
35 147
35 157
35 158
36 11
36 26
36 29
36 43
36 47
36 49
36 52
36 71
36 78
36 136
36 140
36 142
36 154
36 162
36 170
36 175
36 180
36 184
37 2
37 6
37 13
37 28
37 40
37 63
37 77
37 81
37 86
37 93
37 118
37 139
38 11
38 12
38 27
38 35
38 39
38 55
38 69
38 75
38 81
38 97
38 131
38 158
38 162
38 182
39 14
39 15
39 28
39 55
39 64
39 76
39 86
39 90
39 95
39 101
39 130
39 135
39 138
39 139
39 141
39 146
39 151
39 155
39 156
39 171
39 176
40 0
40 11
40 17
40 44
40 45
40 50
40 76
40 77
40 89
40 91
40 98
40 109
40 136
40 154
40 158
40 164
40 167
40 177
40 178
40 183
41 14
41 18
41 29
41 30
41 34
41 37
41 45
41 53
41 54
41 80
41 81
41 95
41 98
41 103
41 105
41 112
41 114
41 119
41 123
41 127
41 136
41 169
41 173
41 181
42 7
42 16
42 20
42 37
42 39
42 41
42 73
42 115
42 116
42 124
42 126
42 130
42 133
42 143
42 149
42 155
42 161
42 168
42 172
42 179
43 0
43 1
43 3
43 6
43 10
43 21
43 31
43 46
43 49
43 53
43 58
43 79
43 121
43 126
43 129
43 148
43 155
43 164
43 179
43 180
44 0
44 14
44 15
44 17
44 28
44 34
44 35
44 36
44 49
44 56
44 69
44 74
44 81
44 83
44 90
44 95
44 126
44 134
44 139
44 141
44 151
44 156
44 177
45 0
45 5
45 6
45 9
45 22
45 66
45 72
45 79
45 103
45 118
45 137
45 148
45 161
45 164
46 19
46 24
46 35
46 43
46 62
46 68
46 70
46 79
46 88
46 96
46 112
46 117
46 131
46 146
46 147
46 154
46 168
46 169
47 0
47 13
47 17
47 22
47 29
47 74
47 101
47 110
47 125
47 133
47 143
47 161
47 165
47 179
47 181
48 10
48 17
48 35
48 40
48 41
48 42
48 47
48 51
48 76
48 82
48 92
48 95
48 103
48 117
48 152
49 0
49 5
49 26
49 32
49 33
49 45
49 49
49 76
49 81
49 88
49 96
49 121
49 132
49 145
49 165
49 176
50 6
50 7
50 12
50 18
50 19
50 20
50 23
50 35
50 36
50 37
50 46
50 54
50 71
50 97
50 100
50 112
50 136
50 140
50 142
50 149
50 155
50 156
50 180
51 4
51 9
51 27
51 36
51 64
51 79
51 82
51 100
51 107
51 131
51 133
51 141
51 145
51 162
51 172
52 0
52 12
52 23
52 24
52 28
52 36
52 37
52 60
52 62
52 63
52 73
52 75
52 77
52 82
52 90
52 94
52 98
52 116
52 141
52 145
52 148
52 154
52 157
52 163
53 3
53 5
53 16
53 18
53 28
53 30
53 40
53 42
53 62
53 65
53 66
53 82
53 91
53 92
53 93
53 100
53 118
53 122
53 123
53 129
53 132
53 135
53 142
53 143
53 145
53 152
53 153
53 154
53 156
53 164
53 173
53 174
53 182
54 0
54 3
54 4
54 10
54 14
54 25
54 27
54 32
54 33
54 41
54 42
54 70
54 90
54 101
54 123
54 138
54 141
54 152
54 155
54 158
54 166
54 173
54 174
54 175
54 182
55 8
55 11
55 20
55 33
55 41
55 46
55 83
55 93
55 106
55 120
55 136
55 143
55 165
55 168
56 8
56 23
56 27
56 43
56 50
56 59
56 90
56 99
56 104
56 108
56 111
56 120
56 125
56 139
56 149
56 163
56 172
57 0
57 2
57 4
57 18
57 33
57 43
57 60
57 65
57 68
57 72
57 80
57 82
57 100
57 111
57 126
57 139
57 143
57 150
57 159
57 163
57 164
57 165
57 168
57 174
57 175
58 3
58 5
58 7
58 9
58 11
58 28
58 46
58 49
58 56
58 82
58 85
58 86
58 92
58 109
58 117
58 119
58 158
58 177
59 18
59 21
59 40
59 49
59 50
59 59
59 69
59 79
59 97
59 124
59 141
59 151
59 157
59 173
59 177
60 0
60 42
60 69
60 81
60 84
60 85
60 88
60 93
60 103
60 107
60 133
60 156
60 174
60 176
60 184
61 5
61 17
61 31
61 35
61 45
61 47
61 56
61 58
61 61
61 66
61 67
61 71
61 77
61 82
61 90
61 94
61 104
61 110
61 114
61 117
61 127
61 128
61 130
61 131
61 144
61 147
61 159
61 162
61 168
61 172
62 33
62 35
62 36
62 38
62 39
62 54
62 66
62 76
62 92
62 103
62 125
62 126
62 128
62 137
62 138
62 158
62 168
62 180
63 12
63 14
63 28
63 38
63 46
63 55
63 56
63 57
63 81
63 92
63 134
63 137
63 158
63 161
63 177
63 178
64 15
64 17
64 42
64 54
64 56
64 81
64 101
64 110
64 117
64 120
64 129
64 132
64 134
64 138
64 148
64 156
64 163
64 175
65 2
65 3
65 13
65 16
65 45
65 70
65 85
65 91
65 102
65 115
65 123
65 134
65 141
65 150
66 4
66 8
66 15
66 22
66 29
66 39
66 60
66 82
66 87
66 94
66 98
66 118
66 119
66 120
66 128
66 133
66 137
66 171
66 173
67 0
67 14
67 22
67 36
67 37
67 42
67 43
67 49
67 66
67 96
67 98
67 101
67 115
67 121
67 136
67 148
67 164
67 174
67 181
68 1
68 5
68 58
68 77
68 104
68 115
68 138
68 157
68 159
68 171
68 175
68 177
69 0
69 4
69 14
69 22
69 29
69 35
69 36
69 52
69 57
69 82
69 87
69 90
69 110
69 120
69 128
69 133
69 142
69 153
69 166
69 179
70 16
70 48
70 103
70 108
70 113
70 114
70 118
70 122
70 128
70 155
70 166
70 170
70 178
70 181
70 183
71 1
71 5
71 13
71 29
71 41
71 51
71 61
71 66
71 78
71 102
71 103
71 111
71 119
71 156
71 176
71 180
72 2
72 16
72 29
72 37
72 39
72 40
72 54
72 73
72 79
72 91
72 93
72 105
72 112
72 144
72 156
72 157
72 159
72 168
72 174
72 177
72 178
73 2
73 7
73 24
73 28
73 35
73 58
73 64
73 87
73 109
73 118
73 119
73 126
73 152
73 153
73 155
73 162
73 167
73 171
73 179
74 10
74 17
74 20
74 31
74 44
74 45
74 47
74 66
74 80
74 89
74 112
74 128
74 132
74 156
74 164
74 167
74 168
74 177
75 0
75 4
75 9
75 16
75 18
75 22
75 37
75 62
75 73
75 76
75 77
75 90
75 94
75 97
75 108
75 128
75 134
75 143
75 144
75 154
75 157
75 167
75 174
76 3
76 20
76 23
76 45
76 49
76 53
76 73
76 81
76 85
76 95
76 103
76 107
76 108
76 123
76 126
76 133
76 136
76 143
76 157
76 174
77 0
77 14
77 28
77 33
77 48
77 52
77 60
77 64
77 71
77 81
77 83
77 85
77 104
77 112
77 116
77 120
77 123
77 127
77 130
77 132
77 139
77 151
77 158
77 159
77 171
77 180
78 27
78 38
78 47
78 54
78 65
78 69
78 97
78 100
78 115
78 116
78 122
78 128
78 131
78 149
78 154
78 156
78 168
78 177
78 179
79 31
79 54
79 68
79 71
79 75
79 76
79 77
79 86
79 109
79 110
79 112
79 118
79 134
79 135
79 139
79 153
79 166
79 175
80 26
80 36
80 47
80 70
80 83
80 90
80 93
80 94
80 128
80 135
80 145
80 165
80 181
81 19
81 35
81 52
81 62
81 75
81 89
81 92
81 108
81 141
81 149
81 172
81 175
81 178
82 1
82 22
82 26
82 28
82 46
82 47
82 65
82 66
82 75
82 86
82 94
82 95
82 105
82 111
82 123
82 128
82 133
82 176
82 177
83 30
83 52
83 76
83 79
83 95
83 102
83 104
83 107
83 144
83 161
83 173
83 184
84 10
84 12
84 32
84 66
84 72
84 87
84 94
84 96
84 105
84 116
84 127
84 156
84 174
84 182
84 184
85 16
85 35
85 41
85 52
85 67
85 88
85 89
85 99
85 108
85 110
85 116
85 121
85 132
85 133
85 142
85 158
85 169
85 170
85 173
86 6
86 23
86 64
86 65
86 70
86 72
86 81
86 88
86 94
86 113
86 118
87 13
87 25
87 51
87 54
87 85
87 93
87 95
87 99
87 104
87 117
87 123
87 126
87 145
87 173
87 183
88 0
88 2
88 7
88 10
88 12
88 32
88 51
88 63
88 72
88 77
88 85
88 94
88 104
88 105
88 117
88 139
88 144
88 147
88 168
88 169
88 179
89 22
89 37
89 41
89 43
89 54
89 73
89 78
89 88
89 98
89 118
89 127
89 137
89 138
89 146
89 166
90 22
90 32
90 53
90 73
90 75
90 94
90 95
90 101
90 115
90 128
90 138
90 144
90 158
90 184
91 10
91 14
91 17
91 24
91 25
91 28
91 36
91 44
91 50
91 54
91 59
91 72
91 83
91 89
91 94
91 99
91 105
91 123
91 135
91 144
91 150
91 155
91 163
91 173
91 178
91 181
92 15
92 27
92 29
92 35
92 38
92 43
92 48
92 71
92 73
92 86
92 92
92 101
92 107
92 115
92 122
92 154
92 167
93 9
93 17
93 26
93 49
93 52
93 74
93 90
93 110
93 123
93 125
93 135
93 148
93 149
94 19
94 22
94 24
94 80
94 88
94 112
94 119
94 131
94 159
94 166
94 168
94 170
94 178
95 21
95 25
95 35
95 53
95 55
95 63
95 66
95 72
95 75
95 91
95 92
95 93
95 95
95 100
95 105
95 114
95 125
95 128
95 129
95 143
95 172
95 178
96 2
96 11
96 20
96 25
96 45
96 64
96 66
96 109
96 113
96 115
96 119
96 127
96 130
96 138
96 148
96 165
96 171
96 181
96 182
97 1
97 17
97 30
97 32
97 63
97 65
97 66
97 74
97 101
97 127
97 139
97 149
98 21
98 23
98 30
98 42
98 49
98 62
98 88
98 112
98 113
98 122
98 136
98 147
98 155
98 164
98 167
98 169
98 183
99 0
99 4
99 7
99 34
99 51
99 93
99 98
99 103
99 111
99 121
99 131
99 145
99 169
99 170
100 2
100 23
100 30
100 31
100 36
100 40
100 63
100 68
100 87
100 92
100 95
100 96
100 106
100 107
100 126
100 137
100 165
100 172
100 177
100 178
100 181
101 22
101 27
101 33
101 34
101 43
101 52
101 70
101 78
101 87
101 103
101 114
101 116
101 117
101 127
101 132
101 137
101 143
101 152
101 157
101 164
101 182
102 3
102 13
102 23
102 49
102 61
102 79
102 97
102 123
102 128
102 134
102 154
102 162
102 165
102 172
103 2
103 3
103 7
103 42
103 43
103 51
103 65
103 74
103 83
103 94
103 99
103 100
103 128
103 132
103 153
103 170
103 173
103 182
104 0
104 22
104 54
104 67
104 70
104 76
104 78
104 82
104 95
104 106
104 110
104 127
104 142
104 170
105 0
105 15
105 25
105 31
105 33
105 39
105 61
105 68
105 71
105 77
105 90
105 106
105 122
105 148
105 153
105 154
105 177
105 180
106 1
106 13
106 31
106 49
106 58
106 74
106 77
106 86
106 102
106 107
106 109
106 115
106 125
106 128
106 130
106 136
106 160
106 183
107 42
107 56
107 62
107 65
107 76
107 77
107 90
107 94
107 99
107 103
107 110
107 112
107 115
107 164
108 2
108 16
108 32
108 34
108 46
108 55
108 66
108 93
108 99
108 100
108 104
108 110
108 119
108 132
108 134
108 138
108 146
108 150
108 152
108 160
108 163
108 172
108 177
109 12
109 17
109 43
109 56
109 84
109 95
109 100
109 121
109 127
109 140
109 142
109 146
109 151
109 159
109 161
109 168
109 174
109 179
109 184
110 26
110 42
110 45
110 46
110 52
110 74
110 108
110 123
110 124
110 146
110 169
110 176
111 8
111 9
111 28
111 31
111 39
111 42
111 43
111 50
111 59
111 72
111 82
111 89
111 93
111 101
111 105
111 134
111 137
111 177
111 179
111 181
112 7
112 18
112 21
112 22
112 24
112 37
112 68
112 69
112 71
112 72
112 90
112 95
112 97
112 101
112 106
112 120
112 123
112 148
112 158
112 159
113 3
113 6
113 11
113 19
113 34
113 66
113 74
113 77
113 78
113 79
113 95
113 103
113 124
113 126
113 148
113 149
113 152
113 153
113 184
114 23
114 26
114 37
114 42
114 48
114 86
114 93
114 123
114 130
114 131
114 136
114 154
114 165
115 4
115 41
115 62
115 70
115 74
115 124
115 125
115 132
115 138
115 141
115 149
115 158
115 165
115 167
115 169
116 0
116 1
116 25
116 37
116 44
116 56
116 72
116 78
116 85
116 93
116 96
116 102
116 113
116 124
116 132
116 135
116 137
116 143
116 146
116 164
116 172
117 1
117 6
117 10
117 22
117 37
117 55
117 79
117 82
117 85
117 94
117 119
117 124
118 3
118 10
118 26
118 31
118 33
118 50
118 58
118 62
118 65
118 73
118 83
118 99
118 117
118 118
118 119
118 149
119 10
119 15
119 21
119 22
119 25
119 44
119 59
119 75
119 79
119 84
119 96
119 114
119 115
119 124
119 132
119 177
119 179
119 180
120 15
120 21
120 23
120 25
120 26
120 27
120 39
120 41
120 66
120 69
120 83
120 90
120 92
120 107
120 128
120 136
120 152
120 155
120 158
120 171
120 174
120 178
120 180
121 10
121 12
121 29
121 42
121 47
121 51
121 59
121 77
121 85
121 86
121 87
121 92
121 106
121 117
121 123
121 129
121 136
121 138
121 149
121 175
121 178
122 8
122 26
122 37
122 43
122 46
122 51
122 60
122 61
122 62
122 65
122 71
122 129
122 150
122 153
122 157
122 164
122 166
122 168
122 172
123 5
123 8
123 21
123 26
123 59
123 67
123 75
123 94
123 96
123 102
123 108
123 109
123 113
123 114
123 116
123 122
123 143
123 146
123 147
123 154
123 155
123 170
123 171
123 177
124 12
124 13
124 27
124 33
124 38
124 50
124 53
124 64
124 105
124 109
124 119
124 126
124 136
124 137
124 139
124 155
124 181
125 4
125 7
125 9
125 27
125 29
125 48
125 54
125 75
125 82
125 88
125 96
125 117
125 137
125 154
125 166
125 176
126 6
126 21
126 37
126 65
126 85
126 97
126 100
126 101
126 114
126 116
126 123
126 126
126 136
126 160
126 179
127 11
127 50
127 72
127 81
127 96
127 98
127 108
127 110
127 122
127 128
127 156
127 161
127 177
127 178
128 5
128 8
128 18
128 20
128 50
128 91
128 96
128 102
128 119
128 128
128 147
128 154
129 5
129 10
129 11
129 24
129 49
129 71
129 77
129 89
129 96
129 105
129 117
129 127
129 130
129 159
129 173
130 27
130 48
130 49
130 60
130 67
130 71
130 75
130 81
130 95
130 98
130 117
130 120
130 143
130 152
130 157
130 164
130 183
131 7
131 10
131 15
131 22
131 46
131 72
131 101
131 111
131 137
131 153
131 159
131 162
132 3
132 6
132 39
132 44
132 45
132 51
132 63
132 72
132 76
132 78
132 81
132 84
132 85
132 112
132 121
132 123
132 131
132 135
132 149
132 158
132 160
132 166
133 12
133 25
133 36
133 48
133 66
133 100
133 102
133 118
133 128
133 134
133 140
133 167
133 177
134 5
134 25
134 27
134 32
134 33
134 39
134 41
134 49
134 56
134 64
134 75
134 89
134 97
134 139
134 152
135 1
135 3
135 24
135 48
135 51
135 70
135 82
135 91
135 102
135 105
135 121
135 140
135 144
135 146
135 148
135 149
135 156
135 160
136 4
136 8
136 14
136 19
136 23
136 25
136 27
136 38
136 43
136 53
136 54
136 61
136 68
136 94
136 96
136 104
136 118
136 150
136 165
136 170
137 0
137 8
137 41
137 65
137 68
137 71
137 73
137 77
137 80
137 87
137 91
137 101
137 103
137 109
137 112
137 130
137 135
137 140
137 141
137 156
138 14
138 22
138 52
138 62
138 77
138 109
138 120
138 122
138 153
138 159
138 164
138 175
138 182
139 12
139 22
139 32
139 41
139 54
139 70
139 71
139 72
139 77
139 86
139 94
139 97
139 111
139 113
139 117
139 119
139 126
139 142
139 162
139 169
139 172
139 183
140 4
140 10
140 13
140 28
140 34
140 57
140 58
140 60
140 68
140 81
140 90
140 92
140 95
140 107
140 118
140 128
140 149
140 151
140 156
140 162
140 165
140 180
141 4
141 7
141 9
141 24
141 33
141 39
141 49
141 62
141 66
141 106
141 110
141 133
141 139
141 153
141 155
141 165
141 171
141 181
142 11
142 12
142 30
142 31
142 35
142 42
142 57
142 81
142 84
142 89
142 102
142 106
142 123
142 124
142 125
142 137
142 146
142 147
142 148
142 151
142 175
143 1
143 14
143 32
143 34
143 54
143 56
143 72
143 82
143 85
143 96
143 106
143 111
143 116
143 126
143 131
143 136
143 164
143 180
144 5
144 15
144 28
144 35
144 36
144 43
144 59
144 64
144 68
144 72
144 74
144 84
144 90
144 99
144 109
144 111
144 119
144 132
144 144
144 158
144 159
144 163
144 179
144 182
145 6
145 9
145 21
145 22
145 55
145 66
145 81
145 90
145 99
145 103
145 123
145 124
145 131
145 148
145 152
145 180
146 10
146 18
146 20
146 37
146 57
146 77
146 85
146 86
146 90
146 105
146 149
146 155
146 170
146 179
146 181
147 14
147 27
147 50
147 89
147 96
147 112
147 145
147 159
147 167
147 180
147 183
148 1
148 15
148 27
148 41
148 50
148 65
148 68
148 98
148 105
148 125
148 138
148 141
148 149
148 166
148 172
149 3
149 17
149 22
149 34
149 45
149 46
149 94
149 98
149 103
149 113
149 117
149 136
149 146
149 159
149 168
150 25
150 41
150 72
150 82
150 90
150 92
150 115
150 120
150 122
150 142
150 144
150 153
151 4
151 12
151 25
151 32
151 37
151 55
151 60
151 71
151 88
151 117
151 137
151 163
151 168
151 172
151 176
151 180
152 0
152 7
152 14
152 16
152 18
152 25
152 28
152 29
152 57
152 60
152 68
152 71
152 79
152 85
152 88
152 99
152 111
152 115
152 129
152 131
152 137
152 160
152 170
152 172
153 27
153 31
153 46
153 56
153 60
153 90
153 97
153 103
153 108
153 115
153 124
153 133
153 149
153 156
153 157
153 162
153 165
153 173
153 184
154 6
154 38
154 43
154 55
154 57
154 58
154 64
154 70
154 81
154 90
154 101
154 103
154 111
154 112
154 143
154 163
154 173
155 10
155 12
155 29
155 36
155 43
155 44
155 50
155 52
155 67
155 86
155 95
155 96
155 102
155 105
155 112
155 120
155 132
155 151
156 1
156 10
156 29
156 30
156 38
156 44
156 49
156 53
156 59
156 84
156 85
156 86
156 94
156 100
156 111
156 115
156 119
156 122
156 123
156 137
156 180
157 2
157 20
157 68
157 81
157 89
157 110
157 111
157 112
157 122
157 125
157 141
157 143
157 153
157 166
158 12
158 18
158 27
158 34
158 40
158 44
158 47
158 57
158 71
158 112
158 122
158 136
158 139
158 149
158 151
158 152
158 167
158 170
158 175
158 179
158 181
158 183
159 46
159 51
159 57
159 68
159 71
159 75
159 76
159 86
159 96
159 110
159 116
159 121
159 139
159 142
159 153
159 160
159 163
159 164
159 175
159 176
160 1
160 19
160 70
160 72
160 93
160 99
160 101
160 109
160 127
160 134
160 149
160 155
160 160
160 162
160 167
161 3
161 5
161 17
161 43
161 48
161 53
161 58
161 66
161 89
161 93
161 118
161 124
161 132
161 148
161 172
162 18
162 35
162 63
162 84
162 91
162 118
162 123
162 126
162 142
162 145
162 146
162 149
162 150
162 160
162 176
162 181
163 10
163 15
163 18
163 20
163 40
163 55
163 75
163 91
163 104
163 109
163 135
163 136
163 148
163 152
163 159
163 165
163 174
163 178
163 181
163 184
164 10
164 55
164 57
164 62
164 66
164 85
164 89
164 92
164 95
164 98
164 102
164 114
164 137
164 153
164 156
165 2
165 12
165 28
165 31
165 34
165 48
165 75
165 86
165 99
165 107
165 114
165 126
165 135
165 138
165 140
165 146
165 159
165 168
165 181
165 182
166 5
166 13
166 20
166 23
166 25
166 35
166 38
166 40
166 55
166 64
166 65
166 68
166 83
166 86
166 87
166 95
166 99
166 115
166 129
166 133
166 134
166 148
166 184
167 7
167 17
167 20
167 27
167 34
167 45
167 66
167 76
167 88
167 96
167 105
167 110
167 113
167 125
167 134
167 141
167 153
167 161
167 175
167 177
167 184
168 3
168 6
168 11
168 30
168 33
168 35
168 76
168 83
168 91
168 95
168 97
168 107
168 112
168 114
168 118
168 123
168 181
168 183
169 22
169 29
169 33
169 43
169 55
169 72
169 73
169 85
169 91
169 102
169 114
169 117
169 141
169 142
169 157
169 169
169 172
170 5
170 12
170 14
170 16
170 29
170 39
170 55
170 58
170 59
170 65
170 79
170 84
170 90
170 92
170 97
170 101
170 110
170 170
170 172
170 180
170 183
171 8
171 15
171 20
171 29
171 30
171 31
171 40
171 63
171 73
171 90
171 91
171 92
171 103
171 108
171 122
171 124
171 129
171 130
171 136
171 139
172 43
172 49
172 56
172 62
172 82
172 109
172 112
172 113
172 124
172 126
172 128
172 129
172 130
172 132
172 133
172 136
173 26
173 27
173 35
173 41
173 42
173 57
173 69
173 80
173 103
173 107
173 112
173 159
173 162
174 2
174 11
174 14
174 16
174 23
174 29
174 34
174 74
174 90
174 98
174 107
174 112
174 131
174 140
174 155
174 158
174 165
174 166
175 2
175 32
175 65
175 75
175 82
175 114
175 131
175 149
175 157
175 158
175 161
175 164
175 171
175 176
176 16
176 22
176 25
176 50
176 53
176 65
176 67
176 69
176 85
176 134
176 153
176 182
177 3
177 8
177 10
177 26
177 58
177 61
177 97
177 100
177 120
177 121
177 133
177 143
178 2
178 3
178 21
178 30
178 34
178 53
178 66
178 71
178 73
178 78
178 84
178 88
178 116
178 123
178 138
178 141
178 145
178 156
178 163
178 167
178 174
178 175
179 10
179 12
179 17
179 34
179 35
179 36
179 49
179 53
179 63
179 67
179 85
179 98
179 107
179 137
179 140
179 152
179 159
179 176
180 20
180 44
180 50
180 70
180 71
180 89
180 102
180 106
180 109
180 142
180 147
180 153
180 156
180 167
180 169
180 179
180 181
181 28
181 34
181 38
181 48
181 49
181 57
181 69
181 73
181 75
181 77
181 91
181 100
181 132
181 133
181 136
181 144
181 158
181 170
181 173
181 178
182 7
182 18
182 27
182 35
182 40
182 61
182 63
182 76
182 80
182 93
182 99
182 102
182 103
182 141
182 163
182 165
182 167
182 178
182 183
183 0
183 4
183 6
183 22
183 23
183 26
183 32
183 35
183 40
183 46
183 85
183 94
183 98
183 103
183 114
183 119
183 120
183 135
183 138
183 147
183 149
183 150
183 157
183 169
183 183
183 184
184 6
184 22
184 31
184 35
184 36
184 46
184 54
184 61
184 89
184 94
184 102
184 139
184 146
184 153
184 162
184 166
184 178
184 182
184 183
184 184
185 4
185 11
185 23
185 48
185 55
185 72
185 84
185 86
185 99
185 102
185 109
185 123
185 146
185 161
185 162
185 165
186 4
186 5
186 29
186 49
186 78
186 87
186 89
186 103
186 110
186 115
186 148
186 151
186 157
186 162
186 169
186 174
186 183
187 20
187 25
187 47
187 49
187 53
187 69
187 80
187 91
187 104
187 105
187 107
187 109
187 112
187 160
187 161
187 162
187 169
187 171
187 177
187 182
187 184
188 22
188 25
188 29
188 71
188 74
188 82
188 109
188 129
188 133
188 136
188 151
188 152
188 153
188 160
188 173
188 177
188 179
189 37
189 60
189 66
189 70
189 77
189 79
189 82
189 104
189 109
189 132
189 165
189 169
189 176
189 178
190 5
190 16
190 22
190 80
190 101
190 102
190 109
190 112
190 121
190 127
190 153
190 161
190 174
190 178
191 6
191 7
191 21
191 28
191 59
191 86
191 106
191 119
191 122
191 135
191 142
191 144
191 146
191 150
191 164
191 182
192 22
192 36
192 48
192 77
192 82
192 83
192 89
192 103
192 105
192 122
192 154
192 156
193 25
193 32
193 42
193 47
193 51
193 59
193 68
193 77
193 85
193 106
193 112
193 114
193 118
193 126
193 142
193 158
193 159
193 183
194 1
194 15
194 17
194 24
194 40
194 49
194 51
194 55
194 67
194 78
194 95
194 112
194 138
194 142
194 167
194 173
194 182
195 13
195 16
195 23
195 28
195 29
195 45
195 83
195 94
195 111
195 125
195 129
195 153
195 176
196 11
196 13
196 17
196 36
196 49
196 55
196 56
196 72
196 83
196 92
196 114
196 132
196 135
196 138
196 144
196 150
196 162
196 183
197 7
197 10
197 19
197 21
197 49
197 50
197 73
197 82
197 88
197 100
197 112
197 113
197 119
197 127
197 145
197 149
197 150
197 154
197 163
198 1
198 33
198 56
198 74
198 105
198 116
198 133
198 155
198 157
198 175
198 184
199 7
199 11
199 25
199 31
199 50
199 51
199 54
199 73
199 79
199 101
199 102
199 110
199 113
199 119
199 131
199 134
199 155
199 178
199 180
199 182
199 184
