100 100 1500 15194
514 413 443 312 172 123 118 132 509 384 383 83 181 196 207 310 375 243 465 445 136 217 88 223 470 223 111 244 171 444 490 398 515 385 224 467 345 264 297 155 285 494 101 410 431 492 122 343 203 370 230 173 297 49 234 516 314 254 375 427 288 427 392 48 351 510 451 264 365 134 63 477 277 484 384 43 269 252 125 194 339 78 258 333 339 145 156 372 286 477 251 101 134 187 225 520 178 401 362 257 
167 261 299 211 271 283 295 330 330 209 96 202 14 140 121 113 270 12 263 324 270 24 139 41 158 163 40 230 175 262 264 175 205 185 46 92 155 224 325 306 255 300 82 85 322 176 204 98 271 305 246 48 18 185 170 303 330 232 324 101 13 44 36 172 290 142 29 121 187 292 95 79 225 95 112 15 293 44 304 327 33 141 280 172 126 289 19 241 19 317 120 297 80 61 88 199 217 276 29 212 
0 9
0 10
0 13
0 16
0 32
0 50
0 61
0 65
0 69
0 76
0 77
0 78
0 92
0 98
1 4
1 18
1 19
1 30
1 35
1 40
1 41
1 47
1 53
1 58
1 61
1 64
1 71
1 74
1 97
2 10
2 12
2 16
2 25
2 27
2 51
2 53
2 54
2 55
2 61
2 68
2 79
2 87
2 92
2 94
3 12
3 17
3 21
3 22
3 23
3 29
3 33
3 34
3 36
3 50
3 64
3 70
3 73
3 77
3 79
3 82
3 85
3 90
3 92
4 0
4 6
4 8
4 18
4 31
4 33
4 39
4 44
4 45
4 62
4 68
4 74
4 76
4 83
4 93
4 98
5 21
5 28
5 45
5 51
5 52
5 55
5 58
5 62
5 68
5 69
5 70
5 72
5 86
5 89
5 90
5 97
6 6
6 7
6 8
6 23
6 27
6 29
6 32
6 34
6 37
6 39
6 46
6 48
6 49
6 56
6 57
6 62
6 66
6 82
6 83
6 85
6 87
6 90
7 9
7 10
7 12
7 18
7 19
7 40
7 47
7 53
7 55
7 57
7 61
7 62
7 63
7 73
7 85
8 8
8 11
8 31
8 37
8 58
8 66
8 91
9 42
9 43
9 61
9 68
9 82
9 88
9 89
9 93
10 11
10 31
10 39
10 46
10 55
10 56
10 62
10 72
10 79
10 82
10 83
10 89
10 90
10 92
10 96
11 2
11 21
11 28
11 35
11 41
11 42
11 46
11 50
11 51
11 66
12 10
12 13
12 14
12 21
12 32
12 36
12 74
12 77
12 82
12 86
12 92
12 95
13 5
13 6
13 7
13 13
13 16
13 22
13 25
13 33
13 35
13 56
13 60
13 64
13 75
13 77
13 87
13 89
14 21
14 26
14 45
14 57
14 59
14 61
14 70
14 72
14 78
14 92
14 97
14 98
15 16
15 23
15 27
15 32
15 39
15 41
15 44
15 48
15 50
15 54
15 56
15 58
15 64
15 75
15 88
16 2
16 5
16 17
16 19
16 22
16 23
16 24
16 25
16 36
16 41
16 43
16 47
16 50
16 51
16 72
16 80
16 85
16 89
17 2
17 9
17 11
17 19
17 32
17 33
17 53
17 54
17 77
17 81
17 86
17 92
17 95
18 4
18 10
18 11
18 18
18 19
18 20
18 25
18 35
18 42
18 43
18 45
18 46
18 57
18 64
18 70
18 74
18 79
18 80
18 84
18 94
18 96
18 97
19 0
19 1
19 8
19 9
19 10
19 13
19 18
19 20
19 21
19 22
19 33
19 35
19 58
19 59
19 68
19 83
19 95
20 7
20 8
20 13
20 18
20 33
20 36
20 39
20 40
20 46
20 50
20 63
20 71
20 74
20 77
20 82
20 94
21 5
21 6
21 12
21 18
21 24
21 32
21 34
21 35
21 47
21 62
21 73
21 78
21 88
22 3
22 7
22 11
22 15
22 20
22 25
22 29
22 31
22 33
22 41
22 44
22 48
22 49
22 50
22 53
22 61
22 62
22 65
22 71
22 92
22 94
23 1
23 13
23 22
23 23
23 27
23 31
23 41
23 49
23 55
23 57
23 62
23 73
23 81
24 1
24 3
24 8
24 18
24 35
24 36
24 40
24 42
24 49
24 56
24 59
24 64
24 74
24 87
24 89
25 3
25 12
25 32
25 33
25 47
25 49
25 68
25 70
25 72
25 85
25 87
25 92
25 97
26 18
26 19
26 21
26 23
26 31
26 39
26 49
26 65
26 70
26 73
26 89
26 96
27 1
27 2
27 12
27 15
27 16
27 22
27 23
27 29
27 34
27 36
27 37
27 48
27 50
27 58
27 65
27 66
27 67
27 72
27 74
27 75
27 80
27 87
27 91
27 92
27 97
27 99
28 1
28 9
28 17
28 18
28 31
28 43
28 49
28 50
28 52
28 58
28 65
28 69
28 70
28 76
28 81
28 94
29 1
29 9
29 13
29 15
29 19
29 24
29 34
29 46
29 50
29 54
29 60
29 68
29 71
29 72
29 84
29 88
29 91
30 1
30 11
30 14
30 21
30 22
30 33
30 35
30 59
30 62
30 72
30 78
30 86
30 89
30 93
30 96
31 0
31 6
31 10
31 15
31 19
31 34
31 43
31 46
31 50
31 61
31 63
31 65
31 73
31 75
31 81
31 82
31 86
31 89
31 92
32 0
32 12
32 17
32 20
32 23
32 31
32 46
32 53
32 88
32 91
33 2
33 6
33 11
33 14
33 28
33 37
33 44
33 52
33 53
33 56
33 60
33 61
33 65
33 69
33 86
33 94
33 95
34 1
34 3
34 28
34 30
34 33
34 42
34 45
34 47
34 54
34 65
34 77
34 86
34 87
34 88
34 99
35 3
35 6
35 10
35 16
35 25
35 27
35 29
35 32
35 44
35 48
35 50
35 98
36 0
36 3
36 8
36 12
36 15
36 16
36 20
36 30
36 36
36 37
36 43
36 67
36 71
36 72
36 78
36 84
36 85
36 88
36 90
36 95
36 97
37 1
37 9
37 10
37 13
37 19
37 20
37 35
37 36
37 53
37 59
37 67
37 71
37 72
37 84
37 93
38 1
38 10
38 16
38 17
38 18
38 30
38 31
38 32
38 47
38 62
38 66
38 72
38 74
38 87
38 90
39 2
39 10
39 22
39 28
39 32
39 34
39 37
39 55
39 61
39 65
39 74
39 88
39 91
39 96
40 4
40 8
40 10
40 15
40 20
40 28
40 29
40 31
40 35
40 37
40 49
40 67
40 69
40 81
41 1
41 2
41 7
41 24
41 32
41 59
41 61
41 79
41 95
41 98
42 5
42 23
42 37
42 38
42 39
42 42
42 47
42 63
42 67
42 68
42 73
42 77
42 82
42 83
42 84
42 87
42 99
43 5
43 6
43 9
43 11
43 12
43 18
43 19
43 22
43 25
43 37
43 38
43 45
43 48
43 75
43 81
43 82
43 83
43 95
43 97
44 18
44 25
44 30
44 31
44 37
44 56
44 65
44 69
44 71
44 76
44 77
44 85
44 91
44 98
45 11
45 24
45 26
45 33
45 56
45 63
45 79
45 81
45 85
45 93
46 32
46 33
46 40
46 48
46 54
46 64
46 70
46 75
46 84
46 88
46 92
46 94
47 2
47 6
47 9
47 11
47 35
47 37
47 74
47 87
47 88
48 1
48 2
48 14
48 29
48 32
48 35
48 49
48 55
48 59
48 60
48 61
48 66
48 73
48 75
48 86
48 92
49 12
49 14
49 27
49 28
49 36
49 58
49 69
49 75
49 79
49 85
49 88
49 92
49 95
50 25
50 27
50 31
50 41
50 53
50 56
50 75
51 3
51 13
51 15
51 17
51 22
51 31
51 33
51 44
51 50
51 65
51 67
51 69
51 72
51 76
51 85
51 98
52 3
52 5
52 21
52 23
52 35
52 45
52 70
52 75
52 91
53 2
53 11
53 15
53 19
53 27
53 30
53 33
53 50
53 53
53 59
53 99
54 17
54 21
54 27
54 28
54 33
54 36
54 37
54 41
54 43
54 59
54 62
54 69
54 70
54 74
54 76
54 83
54 87
54 92
54 93
55 6
55 7
55 9
55 15
55 18
55 31
55 39
55 40
55 41
55 42
55 59
55 65
55 72
55 85
55 87
55 95
56 6
56 8
56 17
56 34
56 36
56 41
56 46
56 58
56 66
56 67
56 68
56 69
56 77
56 80
56 87
57 8
57 35
57 42
57 60
57 61
57 72
57 73
57 78
57 94
57 95
57 98
58 2
58 8
58 9
58 31
58 32
58 37
58 45
58 48
58 50
58 55
58 60
58 61
58 63
58 67
58 71
58 75
58 80
58 85
58 88
59 8
59 13
59 14
59 22
59 23
59 34
59 35
59 48
59 54
59 56
59 57
59 58
59 59
59 71
59 80
59 88
59 92
59 95
59 99
60 1
60 4
60 7
60 8
60 19
60 33
60 42
60 45
60 46
60 48
60 49
60 54
60 60
60 61
60 65
60 66
60 93
60 98
61 2
61 12
61 33
61 38
61 40
61 41
61 49
61 50
61 53
61 63
61 67
61 74
61 83
61 86
62 4
62 7
62 24
62 28
62 39
62 45
62 46
62 48
62 74
62 76
62 78
62 79
62 89
62 97
62 99
63 0
63 2
63 15
63 16
63 18
63 20
63 22
63 30
63 35
63 50
63 52
63 53
63 62
63 63
63 71
63 76
63 81
63 82
63 88
63 90
63 98
64 15
64 30
64 34
64 36
64 37
64 42
64 46
64 54
64 55
64 56
64 63
64 74
64 81
64 84
64 89
64 95
64 97
65 1
65 2
65 18
65 21
65 30
65 37
65 47
65 48
65 49
65 55
65 56
65 62
65 69
65 71
65 73
65 74
65 97
66 3
66 4
66 10
66 13
66 14
66 26
66 39
66 48
66 61
66 64
66 70
66 75
66 84
66 98
67 5
67 8
67 20
67 39
67 41
67 47
67 48
67 51
67 52
67 64
67 73
67 77
67 78
67 89
67 95
68 4
68 22
68 23
68 33
68 36
68 41
68 49
68 53
68 65
68 66
68 67
68 73
68 84
68 86
69 2
69 4
69 5
69 12
69 13
69 15
69 19
69 21
69 28
69 38
69 46
69 56
69 68
69 74
69 89
69 90
70 1
70 9
70 13
70 25
70 30
70 32
70 51
70 59
70 63
70 66
70 68
70 72
70 77
70 79
70 89
70 97
71 2
71 9
71 32
71 35
71 46
71 48
71 49
71 54
71 60
71 70
71 72
71 74
71 79
71 93
71 99
72 7
72 10
72 13
72 34
72 39
72 41
72 51
72 57
72 59
72 60
72 65
72 73
72 78
72 81
72 89
73 17
73 20
73 21
73 27
73 34
73 35
73 38
73 45
73 54
73 57
73 68
73 72
73 74
73 87
73 88
73 89
73 91
73 93
74 0
74 3
74 9
74 11
74 13
74 22
74 26
74 37
74 40
74 62
74 75
74 85
74 86
74 93
74 94
74 98
75 12
75 18
75 34
75 47
75 53
75 59
75 69
75 71
75 99
76 3
76 13
76 14
76 19
76 20
76 31
76 32
76 34
76 42
76 46
76 53
76 63
76 75
76 77
76 79
76 91
76 99
77 2
77 7
77 11
77 59
77 68
77 76
77 88
78 8
78 29
78 30
78 56
78 60
78 78
78 87
78 97
79 0
79 9
79 10
79 18
79 35
79 39
79 40
79 51
79 57
79 72
79 76
79 81
79 87
79 93
79 97
80 3
80 11
80 25
80 26
80 31
80 34
80 37
80 38
80 42
80 44
80 46
80 67
80 75
80 77
80 80
80 92
80 94
81 2
81 5
81 30
81 34
81 53
81 57
81 59
81 67
81 78
81 83
81 93
82 0
82 12
82 15
82 22
82 25
82 26
82 36
82 42
82 51
82 61
82 72
82 75
82 78
82 87
83 20
83 30
83 33
83 34
83 51
83 57
83 58
83 64
83 68
83 74
83 78
83 79
83 84
83 85
83 86
84 7
84 12
84 16
84 25
84 29
84 38
84 46
84 80
84 91
85 12
85 18
85 21
85 29
85 33
85 36
85 37
85 49
85 73
85 74
85 77
85 86
85 90
85 94
85 96
86 4
86 7
86 17
86 18
86 26
86 32
86 40
86 43
86 47
86 50
86 54
86 61
86 62
86 69
86 73
86 76
86 89
86 92
87 0
87 1
87 3
87 4
87 6
87 13
87 17
87 22
87 28
87 32
87 38
87 43
87 53
87 60
87 65
87 69
87 71
87 86
87 92
88 4
88 8
88 10
88 20
88 32
88 38
88 51
88 54
88 58
88 72
88 82
88 93
89 4
89 20
89 29
89 30
89 37
89 39
89 41
89 43
89 52
89 59
89 60
89 68
89 70
89 80
89 92
89 94
89 96
90 0
90 11
90 13
90 14
90 15
90 17
90 18
90 20
90 21
90 24
90 25
90 33
90 34
90 44
90 51
90 54
90 56
90 64
90 70
90 80
90 85
90 90
90 92
90 93
90 97
91 1
91 2
91 3
91 17
91 22
91 24
91 25
91 27
91 33
91 36
91 39
91 40
91 41
91 52
91 53
91 64
91 66
91 68
91 71
91 84
91 95
92 3
92 4
92 7
92 20
92 22
92 36
92 39
92 41
92 50
92 61
92 66
92 67
92 75
92 77
92 81
92 85
92 89
93 5
93 6
93 7
93 12
93 13
93 14
93 21
93 22
93 24
93 29
93 34
93 38
93 41
93 43
93 57
93 71
93 76
93 80
93 82
93 90
93 95
94 12
94 13
94 14
94 26
94 37
94 39
94 41
94 45
94 46
94 47
94 50
94 53
94 59
94 61
94 70
94 76
94 88
94 96
95 0
95 13
95 26
95 37
95 45
95 51
95 61
95 66
95 78
95 98
96 1
96 2
96 8
96 11
96 12
96 31
96 36
96 42
96 48
96 63
96 71
96 73
96 96
96 99
97 6
97 7
97 12
97 17
97 21
97 27
97 30
97 35
97 59
97 65
97 68
97 82
97 94
97 98
98 0
98 1
98 7
98 10
98 19
98 27
98 40
98 54
98 78
98 79
98 90
98 91
98 95
98 99
99 0
99 1
99 6
99 21
99 24
99 33
99 35
99 45
99 48
99 53
99 72
99 77
99 84
99 94
