300 285 8584 36126
264 398 391 129 39 144 401 217 386 46 41 478 377 457 345 377 297 330 409 411 131 303 58 201 245 383 466 161 387 180 126 220 173 85 130 501 500 501 469 96 410 108 156 103 106 364 325 287 398 408 398 196 478 424 164 79 53 251 286 397 190 37 346 32 485 394 64 444 159 389 215 398 407 468 345 505 495 128 431 514 47 141 302 277 291 264 29 121 343 80 220 484 270 83 337 424 93 388 361 345 448 114 115 177 466 324 482 138 344 318 334 231 103 137 80 261 29 235 92 485 104 163 381 450 211 47 183 313 318 209 163 332 146 196 370 93 389 249 23 214 214 24 33 106 32 72 73 401 206 272 429 427 347 353 271 77 49 382 201 23 275 77 507 81 298 485 321 506 186 392 512 478 329 62 366 305 507 300 202 200 390 32 143 201 486 80 170 388 88 62 47 262 95 175 307 221 308 40 242 62 477 465 474 33 264 66 102 295 211 339 80 402 420 90 479 259 343 351 249 150 488 86 108 247 117 159 267 419 235 55 343 314 190 255 113 320 465 493 246 134 242 381 200 405 181 445 312 46 52 437 259 390 367 66 205 487 488 161 373 292 301 340 265 305 465 328 31 134 22 220 140 81 301 100 137 347 29 23 51 207 158 185 336 69 103 43 93 485 168 382 492 309 390 126 288 278 246 313 504 513 
262 288 26 149 82 186 179 151 86 147 148 72 33 299 16 218 32 297 225 326 283 14 35 31 173 71 41 151 47 231 281 209 252 50 272 328 38 107 245 131 139 182 232 90 129 247 284 231 307 97 56 184 46 262 285 21 99 312 117 267 90 189 44 233 193 115 239 208 192 275 49 51 286 93 270 270 36 275 240 138 67 47 301 207 236 218 201 142 281 293 167 88 22 314 181 259 251 70 236 93 252 59 169 222 269 19 331 177 242 260 219 61 189 258 15 132 306 261 263 278 245 25 329 253 310 201 249 101 270 310 44 142 253 285 73 126 40 136 325 295 174 133 41 68 71 314 75 168 182 253 188 207 129 169 286 53 39 32 304 109 38 226 195 48 165 146 26 184 245 63 301 324 210 111 291 95 317 182 108 211 224 80 144 269 19 240 132 265 207 194 256 177 34 306 157 131 288 194 95 39 164 124 100 192 92 244 101 24 214 158 253 15 56 316 97 56 46 85 97 260 242 54 63 123 14 90 150 220 237 117 149 143 36 35 72 53 164 284 64 247 12 329 169 125 248 58 143 17 289 304 304 40 146 41 208 272 51 163 158 74 308 292 212 327 126 266 38 289 114 56 205 113 226 177 270 161 99 298 231 174 155 198 298 23 226 
0 10
0 25
0 32
0 40
0 51
0 81
0 86
0 88
0 92
0 95
0 97
0 104
0 110
0 115
0 153
0 155
0 158
0 198
0 238
0 247
0 276
1 43
1 54
1 56
1 73
1 80
1 91
1 100
1 111
1 115
1 121
1 125
1 137
1 138
1 155
1 183
1 192
1 195
1 196
1 200
1 207
1 213
1 232
1 238
1 241
1 263
1 278
2 2
2 5
2 14
2 25
2 39
2 47
2 49
2 53
2 56
2 67
2 69
2 70
2 78
2 81
2 83
2 87
2 91
2 101
2 109
2 119
2 133
2 151
2 152
2 154
2 170
2 180
2 190
2 212
2 256
2 265
3 0
3 17
3 39
3 41
3 46
3 48
3 49
3 52
3 53
3 69
3 72
3 73
3 76
3 86
3 94
3 123
3 127
3 135
3 154
3 157
3 175
3 177
3 184
3 199
3 231
3 243
3 246
3 258
3 273
3 274
4 5
4 10
4 15
4 20
4 37
4 38
4 44
4 52
4 53
4 56
4 70
4 82
4 85
4 89
4 95
4 107
4 141
4 149
4 163
4 164
4 165
4 185
4 187
4 199
4 211
4 215
4 216
4 218
4 233
4 236
4 247
4 262
4 265
4 283
5 3
5 4
5 23
5 29
5 32
5 49
5 57
5 102
5 124
5 127
5 136
5 146
5 151
5 179
5 181
5 184
5 206
5 211
5 214
5 221
5 224
5 236
5 238
5 239
5 241
5 251
5 269
5 271
5 278
5 281
6 23
6 27
6 97
6 102
6 113
6 123
6 134
6 138
6 155
6 159
6 163
6 172
6 174
6 179
6 193
6 194
6 219
6 224
6 226
6 228
6 234
6 247
6 252
6 281
7 4
7 17
7 34
7 48
7 55
7 63
7 66
7 68
7 89
7 94
7 96
7 107
7 117
7 120
7 137
7 140
7 176
7 191
7 194
7 204
7 232
7 240
7 271
7 279
8 0
8 12
8 21
8 35
8 37
8 62
8 65
8 67
8 78
8 100
8 108
8 127
8 138
8 149
8 152
8 155
8 159
8 189
8 218
8 242
8 246
8 267
8 269
8 272
8 274
9 30
9 49
9 51
9 54
9 61
9 62
9 73
9 77
9 82
9 90
9 94
9 99
9 108
9 124
9 146
9 149
9 160
9 165
9 205
9 208
9 212
9 215
9 219
9 226
9 229
9 236
9 249
9 252
9 268
9 279
10 21
10 38
10 47
10 49
10 74
10 75
10 90
10 100
10 105
10 106
10 109
10 111
10 128
10 134
10 137
10 138
10 140
10 150
10 151
10 169
10 170
10 173
10 183
10 187
10 203
10 216
10 228
10 243
10 250
10 254
10 277
10 280
11 5
11 42
11 64
11 79
11 83
11 90
11 97
11 99
11 111
11 128
11 129
11 157
11 164
11 177
11 195
11 202
11 212
11 249
11 252
11 256
11 268
12 0
12 6
12 22
12 38
12 57
12 68
12 89
12 115
12 122
12 138
12 139
12 140
12 148
12 149
12 151
12 175
12 192
12 199
12 200
12 202
12 230
12 234
12 254
13 4
13 9
13 43
13 75
13 80
13 96
13 97
13 98
13 111
13 114
13 125
13 159
13 160
13 173
13 174
13 181
13 189
13 190
13 204
13 207
13 226
13 230
13 242
13 263
13 279
13 283
14 17
14 64
14 100
14 140
14 164
14 189
14 201
14 208
14 231
14 232
14 234
14 244
14 272
14 277
14 278
15 13
15 22
15 23
15 26
15 48
15 49
15 63
15 64
15 70
15 76
15 80
15 82
15 86
15 97
15 100
15 113
15 117
15 120
15 122
15 129
15 136
15 148
15 149
15 153
15 158
15 159
15 165
15 170
15 191
15 192
15 198
15 199
15 213
15 222
15 237
15 252
15 262
15 272
16 15
16 19
16 20
16 25
16 48
16 49
16 72
16 78
16 82
16 87
16 94
16 96
16 129
16 131
16 135
16 160
16 174
16 185
16 192
16 193
16 200
16 218
16 220
16 234
16 239
16 264
16 270
16 272
17 0
17 9
17 19
17 34
17 35
17 38
17 40
17 48
17 52
17 61
17 71
17 73
17 96
17 113
17 116
17 128
17 135
17 143
17 148
17 152
17 185
17 201
17 223
17 230
17 241
17 244
17 245
17 252
17 263
17 265
18 17
18 20
18 22
18 26
18 36
18 56
18 61
18 83
18 87
18 98
18 100
18 102
18 104
18 121
18 130
18 136
18 159
18 175
18 182
18 196
18 199
18 206
18 212
18 213
18 217
18 225
18 230
18 249
18 266
18 279
18 284
19 28
19 37
19 43
19 61
19 75
19 87
19 92
19 125
19 131
19 151
19 154
19 158
19 187
19 202
19 203
19 213
19 215
19 226
19 228
19 229
19 235
19 248
19 250
19 257
19 258
19 281
20 2
20 7
20 21
20 44
20 46
20 84
20 88
20 118
20 122
20 128
20 168
20 172
20 187
20 189
20 198
20 209
20 210
20 220
20 228
20 234
20 248
20 251
20 257
20 270
20 274
20 279
20 280
21 7
21 19
21 35
21 61
21 76
21 86
21 87
21 93
21 107
21 121
21 129
21 130
21 131
21 150
21 154
21 156
21 180
21 186
21 200
21 208
21 215
21 224
21 226
21 241
21 253
21 262
22 32
22 46
22 60
22 63
22 70
22 73
22 76
22 91
22 102
22 104
22 110
22 122
22 183
22 187
22 194
22 197
22 205
22 270
22 280
22 283
23 8
23 39
23 58
23 71
23 74
23 84
23 96
23 115
23 125
23 133
23 135
23 137
23 146
23 151
23 156
23 172
23 173
23 174
23 175
23 185
23 186
23 232
23 234
23 254
23 264
23 267
23 280
24 0
24 13
24 23
24 35
24 44
24 53
24 54
24 64
24 69
24 76
24 81
24 82
24 95
24 110
24 114
24 142
24 145
24 156
24 158
24 172
24 174
24 187
24 205
24 219
24 226
24 227
24 233
24 237
24 241
24 245
24 251
24 259
24 262
24 273
24 282
25 22
25 27
25 32
25 38
25 51
25 71
25 78
25 80
25 84
25 89
25 107
25 130
25 136
25 143
25 146
25 159
25 167
25 169
25 179
25 183
25 194
25 203
25 216
25 217
25 242
25 246
26 3
26 6
26 8
26 27
26 29
26 54
26 56
26 60
26 62
26 66
26 70
26 112
26 114
26 119
26 121
26 125
26 136
26 144
26 163
26 169
26 180
26 191
26 201
26 204
26 206
26 219
26 224
26 229
26 233
26 237
26 241
26 252
26 255
26 257
26 260
26 266
26 282
26 284
27 10
27 19
27 20
27 26
27 36
27 45
27 48
27 61
27 75
27 80
27 98
27 104
27 108
27 116
27 118
27 141
27 150
27 158
27 184
27 194
27 208
27 212
27 215
27 255
27 258
27 270
27 283
28 1
28 5
28 9
28 21
28 27
28 32
28 34
28 37
28 40
28 43
28 48
28 49
28 50
28 51
28 53
28 55
28 66
28 70
28 75
28 83
28 86
28 93
28 94
28 96
28 108
28 118
28 125
28 127
28 128
28 134
28 147
28 159
28 160
28 168
28 192
28 193
28 199
28 216
28 236
28 255
28 283
29 24
29 26
29 27
29 35
29 38
29 52
29 56
29 74
29 75
29 148
29 153
29 160
29 161
29 178
29 207
29 242
29 245
29 257
29 272
29 277
29 279
30 6
30 10
30 25
30 28
30 45
30 48
30 53
30 54
30 56
30 57
30 61
30 137
30 166
30 172
30 178
30 180
30 193
30 210
30 235
30 250
30 251
30 257
30 259
30 260
30 267
30 272
30 275
30 276
31 22
31 32
31 42
31 58
31 59
31 65
31 82
31 128
31 136
31 137
31 143
31 151
31 160
31 184
31 185
31 212
31 217
31 231
31 257
31 267
31 268
31 269
31 271
32 0
32 1
32 9
32 19
32 25
32 40
32 62
32 67
32 72
32 81
32 87
32 91
32 99
32 105
32 113
32 121
32 123
32 124
32 126
32 128
32 134
32 151
32 160
32 162
32 165
32 181
32 184
32 187
32 191
32 211
32 222
32 223
32 231
32 239
32 241
32 263
32 280
32 281
33 7
33 70
33 78
33 84
33 88
33 89
33 91
33 95
33 102
33 106
33 108
33 116
33 127
33 142
33 148
33 150
33 162
33 180
33 186
33 211
33 214
33 216
33 227
33 238
33 247
33 277
33 280
33 281
34 7
34 12
34 25
34 26
34 35
34 48
34 54
34 65
34 67
34 72
34 76
34 111
34 119
34 120
34 121
34 123
34 158
34 160
34 189
34 190
34 191
34 197
34 220
34 226
34 231
34 235
34 237
34 247
34 248
34 263
34 272
34 275
34 276
34 278
35 16
35 17
35 18
35 19
35 53
35 63
35 64
35 66
35 71
35 78
35 87
35 103
35 119
35 161
35 184
35 192
35 204
35 220
35 222
35 246
35 248
35 271
35 276
35 281
36 8
36 14
36 22
36 23
36 42
36 59
36 70
36 71
36 73
36 75
36 82
36 87
36 92
36 96
36 98
36 99
36 110
36 113
36 131
36 140
36 143
36 149
36 155
36 169
36 173
36 179
36 191
36 202
36 205
36 213
36 214
36 219
36 241
36 259
36 282
37 7
37 23
37 25
37 55
37 62
37 78
37 90
37 91
37 101
37 104
37 109
37 118
37 121
37 135
37 145
37 151
37 163
37 186
37 219
37 223
37 240
37 250
37 262
37 267
37 277
37 282
38 18
38 19
38 20
38 25
38 43
38 46
38 58
38 59
38 63
38 74
38 89
38 119
38 120
38 128
38 129
38 134
38 139
38 151
38 157
38 162
38 164
38 166
38 195
38 196
38 210
38 212
38 224
38 245
38 261
38 268
38 271
39 5
39 9
39 11
39 20
39 22
39 31
39 46
39 47
39 54
39 73
39 79
39 92
39 163
39 164
39 165
39 167
39 171
39 181
39 184
39 190
39 205
39 212
39 232
39 234
39 235
39 246
39 258
39 265
39 270
39 272
39 274
39 279
40 2
40 4
40 14
40 23
40 28
40 37
40 54
40 60
40 63
40 67
40 89
40 93
40 94
40 122
40 125
40 132
40 140
40 143
40 156
40 157
40 163
40 167
40 168
40 182
40 186
40 203
40 218
40 225
40 263
40 275
41 8
41 27
41 28
41 35
41 59
41 79
41 84
41 97
41 103
41 115
41 137
41 152
41 154
41 160
41 166
41 176
41 182
41 186
41 189
41 191
41 198
41 199
41 201
41 220
41 241
41 247
41 253
41 255
41 262
41 266
41 268
41 271
41 283
42 9
42 15
42 31
42 40
42 52
42 60
42 61
42 99
42 101
42 108
42 109
42 126
42 137
42 147
42 185
42 202
42 204
42 206
42 226
42 229
42 234
42 237
42 282
43 3
43 6
43 12
43 15
43 39
43 47
43 64
43 70
43 72
43 89
43 122
43 145
43 153
43 155
43 188
43 195
43 197
43 210
43 220
43 239
43 273
43 275
43 277
44 10
44 19
44 22
44 53
44 58
44 64
44 79
44 80
44 111
44 116
44 129
44 158
44 166
44 177
44 179
44 188
44 190
44 215
44 222
44 230
44 233
44 239
44 242
44 245
44 258
44 273
45 8
45 20
45 28
45 30
45 31
45 55
45 65
45 68
45 72
45 79
45 99
45 113
45 117
45 118
45 119
45 138
45 158
45 165
45 173
45 186
45 192
45 203
45 210
45 216
45 227
45 230
45 244
45 248
45 251
45 261
45 268
46 8
46 16
46 19
46 21
46 25
46 27
46 28
46 30
46 63
46 72
46 78
46 90
46 99
46 101
46 132
46 139
46 143
46 144
46 146
46 147
46 155
46 171
46 175
46 186
46 193
46 245
46 262
46 268
46 280
47 10
47 20
47 39
47 59
47 73
47 79
47 85
47 89
47 103
47 112
47 117
47 133
47 152
47 153
47 157
47 159
47 164
47 180
47 184
47 196
47 203
47 210
47 217
47 221
47 236
47 239
47 263
47 268
47 274
47 281
47 284
48 12
48 14
48 26
48 31
48 35
48 46
48 68
48 69
48 72
48 85
48 90
48 93
48 95
48 100
48 132
48 149
48 161
48 195
48 200
48 221
48 226
48 228
48 234
48 235
48 242
48 248
48 283
49 0
49 7
49 9
49 33
49 34
49 36
49 47
49 55
49 63
49 70
49 73
49 74
49 84
49 95
49 96
49 98
49 125
49 139
49 147
49 158
49 164
49 194
49 199
49 201
49 213
49 224
49 262
49 269
49 278
49 284
50 15
50 17
50 21
50 25
50 36
50 38
50 39
50 43
50 46
50 55
50 60
50 68
50 74
50 83
50 99
50 101
50 128
50 139
50 154
50 159
50 171
50 179
50 182
50 185
50 189
50 191
50 194
50 205
50 212
50 220
50 227
50 240
50 263
50 266
50 280
50 284
51 1
51 5
51 10
51 23
51 25
51 42
51 44
51 75
51 86
51 91
51 96
51 102
51 109
51 113
51 119
51 130
51 133
51 176
51 187
51 188
51 203
51 227
51 255
51 273
51 279
52 9
52 21
52 25
52 46
52 52
52 58
52 66
52 73
52 75
52 87
52 95
52 106
52 118
52 124
52 126
52 133
52 140
52 153
52 168
52 184
52 192
52 214
52 226
52 229
52 255
52 284
53 12
53 14
53 16
53 24
53 32
53 44
53 76
53 77
53 81
53 95
53 99
53 102
53 105
53 112
53 118
53 128
53 139
53 145
53 161
53 164
53 186
53 201
53 221
53 228
53 236
53 243
53 250
53 270
53 280
53 281
54 4
54 20
54 27
54 52
54 64
54 73
54 80
54 87
54 100
54 106
54 107
54 113
54 125
54 128
54 144
54 168
54 185
54 188
54 194
54 199
54 207
54 216
54 217
54 231
54 232
54 236
54 249
54 256
54 262
54 269
55 20
55 21
55 28
55 30
55 44
55 65
55 70
55 72
55 73
55 81
55 87
55 108
55 111
55 134
55 165
55 177
55 182
55 189
55 191
55 197
55 237
55 243
55 264
55 283
56 11
56 25
56 34
56 42
56 43
56 49
56 58
56 75
56 77
56 79
56 83
56 100
56 115
56 116
56 124
56 145
56 150
56 155
56 167
56 172
56 198
56 199
56 208
56 226
56 231
56 235
56 258
57 5
57 18
57 41
57 45
57 61
57 64
57 65
57 66
57 98
57 105
57 112
57 120
57 124
57 130
57 184
57 186
57 195
57 222
57 227
57 229
57 243
57 248
57 250
57 259
57 263
57 264
57 269
58 1
58 5
58 14
58 50
58 59
58 84
58 89
58 92
58 102
58 106
58 111
58 121
58 125
58 129
58 137
58 151
58 199
58 217
58 220
58 273
58 278
59 5
59 22
59 47
59 49
59 55
59 57
59 61
59 75
59 85
59 89
59 100
59 106
59 111
59 131
59 158
59 162
59 164
59 166
59 170
59 174
59 177
59 189
59 193
59 203
59 204
59 208
59 211
59 229
59 266
59 271
59 275
59 279
60 10
60 19
60 22
60 26
60 66
60 71
60 74
60 77
60 78
60 81
60 83
60 86
60 90
60 99
60 110
60 114
60 120
60 131
60 143
60 144
60 153
60 154
60 160
60 166
60 168
60 173
60 175
60 179
60 191
60 225
60 228
60 235
60 240
60 256
60 257
60 261
60 271
60 279
61 10
61 17
61 24
61 40
61 52
61 85
61 105
61 114
61 119
61 121
61 125
61 135
61 137
61 144
61 148
61 154
61 167
61 169
61 183
61 185
61 194
61 204
61 215
61 216
61 223
61 233
61 236
61 244
61 248
61 249
61 254
61 269
61 270
61 276
61 281
61 284
62 14
62 17
62 19
62 42
62 43
62 47
62 48
62 51
62 54
62 55
62 93
62 96
62 105
62 112
62 126
62 135
62 144
62 146
62 165
62 206
62 212
62 216
62 263
62 268
62 280
62 283
62 284
63 12
63 20
63 23
63 47
63 53
63 71
63 96
63 99
63 101
63 111
63 112
63 118
63 123
63 135
63 141
63 165
63 171
63 183
63 211
63 217
63 228
63 230
63 238
63 245
63 260
63 266
64 4
64 34
64 47
64 60
64 75
64 76
64 81
64 126
64 133
64 145
64 165
64 171
64 181
64 187
64 190
64 196
64 203
64 206
64 215
64 219
64 231
64 232
64 247
64 256
64 261
64 273
65 2
65 5
65 23
65 43
65 45
65 55
65 70
65 78
65 87
65 93
65 101
65 104
65 111
65 117
65 118
65 120
65 127
65 128
65 146
65 149
65 155
65 163
65 186
65 189
65 191
65 208
65 217
65 247
65 252
65 266
65 283
66 20
66 23
66 25
66 27
66 31
66 48
66 52
66 61
66 64
66 67
66 70
66 82
66 97
66 98
66 118
66 127
66 163
66 171
66 182
66 188
66 194
66 197
66 220
66 221
66 224
66 228
66 270
66 273
66 278
66 281
67 1
67 10
67 19
67 32
67 34
67 47
67 50
67 54
67 58
67 61
67 74
67 82
67 85
67 87
67 106
67 111
67 158
67 164
67 166
67 193
67 201
67 202
67 204
67 210
67 212
67 225
67 247
67 248
67 253
67 254
67 270
67 276
68 20
68 45
68 72
68 81
68 84
68 86
68 93
68 105
68 106
68 114
68 139
68 141
68 157
68 168
68 172
68 176
68 180
68 191
68 193
68 198
68 201
68 202
68 227
68 247
69 4
69 13
69 14
69 34
69 38
69 43
69 45
69 50
69 54
69 57
69 58
69 59
69 74
69 76
69 96
69 104
69 123
69 141
69 161
69 166
69 191
69 201
69 203
69 233
69 254
69 268
69 270
69 279
70 3
70 8
70 21
70 41
70 44
70 46
70 53
70 58
70 61
70 64
70 66
70 76
70 85
70 94
70 102
70 106
70 111
70 114
70 121
70 131
70 147
70 162
70 170
70 172
70 176
70 177
70 181
70 208
70 222
70 227
70 240
70 260
70 268
70 280
70 283
71 4
71 21
71 26
71 30
71 43
71 49
71 52
71 65
71 69
71 72
71 80
71 86
71 103
71 122
71 135
71 147
71 171
71 179
71 186
71 191
71 227
71 230
71 234
71 242
71 247
71 252
71 256
71 259
71 275
72 12
72 14
72 24
72 25
72 28
72 32
72 43
72 58
72 76
72 85
72 98
72 130
72 131
72 152
72 155
72 157
72 160
72 164
72 183
72 197
72 200
72 204
72 230
72 232
72 243
72 244
72 256
72 257
72 262
73 14
73 16
73 26
73 41
73 56
73 83
73 85
73 101
73 103
73 125
73 131
73 136
73 150
73 166
73 177
73 184
73 187
73 189
73 193
73 226
73 244
73 253
73 254
73 263
73 265
73 278
73 284
74 6
74 76
74 79
74 82
74 84
74 94
74 100
74 109
74 129
74 138
74 154
74 166
74 167
74 168
74 169
74 170
74 199
74 211
74 220
74 229
74 261
74 271
74 282
75 1
75 24
75 41
75 49
75 62
75 71
75 76
75 79
75 89
75 93
75 113
75 123
75 127
75 133
75 138
75 139
75 146
75 151
75 169
75 170
75 188
75 189
75 215
75 218
75 227
75 239
75 272
75 281
75 283
76 3
76 6
76 28
76 38
76 58
76 69
76 82
76 105
76 125
76 141
76 144
76 149
76 165
76 171
76 172
76 206
76 210
76 217
76 229
76 231
76 237
76 248
76 268
76 269
77 2
77 17
77 22
77 23
77 30
77 32
77 37
77 42
77 50
77 51
77 53
77 57
77 66
77 67
77 84
77 85
77 99
77 101
77 118
77 123
77 127
77 135
77 139
77 145
77 160
77 163
77 164
77 165
77 181
77 191
77 210
77 216
77 224
77 228
77 231
77 234
77 247
77 253
77 258
77 284
78 1
78 7
78 19
78 23
78 43
78 45
78 63
78 65
78 68
78 71
78 83
78 90
78 102
78 103
78 112
78 116
78 140
78 152
78 155
78 156
78 158
78 171
78 175
78 182
78 203
78 204
78 245
78 247
78 255
78 258
78 270
78 272
78 274
78 280
78 284
79 35
79 36
79 46
79 61
79 68
79 83
79 85
79 110
79 122
79 133
79 155
79 161
79 165
79 166
79 170
79 174
79 183
79 187
79 194
79 195
79 198
79 200
79 206
79 207
79 249
79 254
79 263
79 264
79 271
79 284
80 10
80 14
80 19
80 22
80 48
80 50
80 71
80 90
80 97
80 103
80 115
80 117
80 119
80 128
80 146
80 149
80 150
80 161
80 176
80 189
80 198
80 207
80 219
80 236
80 244
80 247
81 10
81 17
81 21
81 23
81 36
81 41
81 42
81 55
81 61
81 64
81 70
81 98
81 102
81 106
81 113
81 139
81 142
81 149
81 181
81 196
81 197
81 198
81 202
81 218
81 228
81 242
81 243
81 246
81 262
81 274
81 281
82 10
82 13
82 14
82 34
82 42
82 45
82 53
82 68
82 74
82 83
82 95
82 99
82 107
82 115
82 117
82 127
82 165
82 167
82 189
82 191
82 195
82 196
82 219
82 221
82 235
82 236
82 272
82 279
83 20
83 28
83 38
83 39
83 42
83 44
83 45
83 54
83 62
83 69
83 79
83 90
83 100
83 107
83 113
83 114
83 131
83 137
83 145
83 155
83 158
83 161
83 164
83 169
83 179
83 181
83 192
83 200
83 214
83 224
83 233
83 250
83 263
83 267
83 275
83 276
84 21
84 52
84 61
84 65
84 91
84 97
84 106
84 128
84 134
84 158
84 162
84 169
84 176
84 223
84 224
84 240
84 260
84 274
84 276
84 283
85 7
85 70
85 79
85 85
85 126
85 137
85 157
85 167
85 169
85 173
85 176
85 178
85 182
85 189
85 197
85 210
85 245
85 255
85 256
85 262
85 266
85 277
85 284
86 10
86 57
86 64
86 102
86 107
86 126
86 127
86 130
86 132
86 152
86 169
86 170
86 199
86 204
86 210
86 219
86 252
86 255
86 265
86 266
86 269
87 10
87 28
87 38
87 40
87 46
87 56
87 63
87 83
87 84
87 97
87 131
87 143
87 146
87 147
87 158
87 161
87 162
87 167
87 184
87 192
87 222
87 259
87 265
87 269
87 270
87 274
87 276
88 9
88 20
88 22
88 48
88 57
88 62
88 66
88 73
88 76
88 79
88 88
88 99
88 101
88 107
88 110
88 126
88 147
88 154
88 156
88 161
88 171
88 174
88 178
88 196
88 213
88 224
88 230
88 232
88 246
88 259
88 264
88 266
88 267
88 271
88 274
89 2
89 13
89 24
89 33
89 43
89 62
89 64
89 72
89 79
89 84
89 89
89 90
89 101
89 108
89 125
89 152
89 157
89 224
89 229
89 232
89 239
89 260
89 271
90 0
90 14
90 34
90 38
90 74
90 88
90 94
90 96
90 108
90 111
90 116
90 126
90 128
90 151
90 155
90 171
90 177
90 181
90 198
90 199
90 232
90 234
90 247
90 261
90 274
90 277
90 283
91 11
91 27
91 44
91 57
91 60
91 84
91 103
91 121
91 130
91 136
91 151
91 162
91 178
91 179
91 196
91 197
91 200
91 207
91 212
91 227
91 231
91 243
91 261
91 266
91 268
91 276
91 278
92 5
92 16
92 35
92 42
92 80
92 92
92 109
92 113
92 115
92 121
92 129
92 132
92 145
92 160
92 169
92 175
92 190
92 201
92 216
92 243
92 245
92 249
92 264
92 267
92 271
92 272
92 283
93 1
93 10
93 14
93 22
93 29
93 49
93 50
93 53
93 67
93 86
93 87
93 131
93 135
93 146
93 150
93 167
93 187
93 198
93 206
93 215
93 218
93 221
93 229
93 230
93 238
93 252
93 269
93 274
93 279
94 6
94 7
94 35
94 40
94 53
94 57
94 60
94 74
94 79
94 90
94 92
94 100
94 123
94 124
94 126
94 128
94 132
94 140
94 151
94 162
94 169
94 176
94 183
94 208
94 218
94 235
94 236
94 240
94 247
94 255
94 258
94 263
95 2
95 5
95 12
95 25
95 38
95 39
95 44
95 45
95 54
95 57
95 101
95 119
95 129
95 147
95 151
95 182
95 183
95 200
95 204
95 207
95 217
95 244
95 246
95 248
95 258
95 262
95 263
95 267
95 271
95 284
96 0
96 4
96 14
96 22
96 26
96 40
96 55
96 74
96 86
96 110
96 111
96 113
96 115
96 122
96 131
96 136
96 154
96 157
96 172
96 199
96 209
96 217
96 230
96 231
96 233
96 237
96 239
96 250
96 253
96 262
96 263
96 264
97 2
97 22
97 23
97 24
97 36
97 44
97 45
97 49
97 54
97 61
97 79
97 83
97 95
97 109
97 126
97 144
97 153
97 163
97 167
97 168
97 176
97 200
97 215
97 221
97 226
97 227
97 236
97 248
97 254
97 258
97 259
97 280
97 282
98 7
98 22
98 25
98 45
98 62
98 102
98 107
98 157
98 158
98 167
98 188
98 194
98 200
98 220
98 223
98 227
98 241
98 246
98 267
98 268
98 274
98 275
98 277
99 4
99 11
99 23
99 50
99 80
99 81
99 92
99 93
99 106
99 116
99 128
99 141
99 150
99 156
99 168
99 203
99 211
99 213
99 218
99 220
99 225
99 233
99 262
99 265
99 270
99 282
100 2
100 6
100 27
100 34
100 41
100 42
100 116
100 120
100 130
100 137
100 139
100 143
100 160
100 161
100 166
100 171
100 172
100 179
100 189
100 222
100 232
100 237
100 243
100 261
100 277
100 280
100 282
100 284
101 2
101 25
101 26
101 30
101 42
101 77
101 114
101 130
101 141
101 147
101 148
101 158
101 159
101 173
101 177
101 188
101 206
101 213
101 220
101 244
101 265
102 4
102 6
102 20
102 46
102 72
102 74
102 83
102 95
102 102
102 104
102 109
102 117
102 118
102 122
102 124
102 125
102 129
102 137
102 150
102 164
102 173
102 187
102 188
102 207
102 217
102 222
102 226
102 236
102 247
102 269
102 270
102 284
103 0
103 10
103 21
103 37
103 39
103 50
103 51
103 55
103 56
103 66
103 68
103 74
103 87
103 95
103 100
103 103
103 118
103 127
103 138
103 139
103 142
103 145
103 146
103 148
103 156
103 163
103 164
103 174
103 175
103 179
103 183
103 192
103 203
103 216
103 219
103 241
103 249
103 270
104 4
104 14
104 15
104 16
104 20
104 29
104 32
104 36
104 47
104 49
104 73
104 81
104 83
104 86
104 96
104 115
104 123
104 127
104 142
104 153
104 159
104 164
104 168
104 174
104 180
104 212
104 214
104 226
104 233
104 235
104 238
104 243
104 253
104 255
104 266
104 273
104 277
104 281
105 4
105 7
105 10
105 18
105 38
105 41
105 52
105 67
105 95
105 125
105 128
105 133
105 154
105 156
105 166
105 170
105 175
105 178
105 190
105 201
105 205
105 213
105 226
105 233
105 253
106 10
106 25
106 30
106 34
106 53
106 58
106 73
106 84
106 88
106 90
106 130
106 151
106 189
106 207
106 209
106 223
106 247
106 248
106 273
106 277
107 5
107 9
107 11
107 19
107 38
107 42
107 44
107 52
107 55
107 59
107 64
107 68
107 71
107 84
107 111
107 113
107 115
107 127
107 156
107 160
107 202
107 205
107 225
107 227
107 243
107 262
107 271
107 277
107 282
107 284
108 1
108 13
108 39
108 73
108 75
108 79
108 94
108 102
108 103
108 125
108 130
108 147
108 149
108 151
108 159
108 178
108 188
108 205
108 234
108 261
108 264
108 266
108 271
108 283
109 14
109 19
109 29
109 31
109 33
109 37
109 45
109 59
109 69
109 77
109 79
109 85
109 98
109 104
109 123
109 124
109 128
109 143
109 149
109 155
109 160
109 165
109 183
109 184
109 190
109 193
109 197
109 209
109 241
109 243
109 245
109 246
109 259
109 267
109 268
110 2
110 3
110 5
110 37
110 51
110 62
110 76
110 103
110 105
110 106
110 107
110 112
110 114
110 119
110 121
110 122
110 129
110 151
110 175
110 192
110 204
110 221
110 224
110 231
110 249
110 261
110 277
110 283
111 8
111 11
111 16
111 19
111 24
111 33
111 34
111 41
111 42
111 57
111 63
111 97
111 100
111 103
111 119
111 135
111 143
111 147
111 155
111 165
111 179
111 183
111 193
111 209
111 213
111 231
111 265
111 276
112 26
112 31
112 49
112 50
112 70
112 76
112 88
112 109
112 117
112 122
112 123
112 125
112 153
112 156
112 170
112 171
112 178
112 192
112 193
112 194
112 199
112 200
112 214
112 228
112 233
112 236
112 237
112 257
112 265
112 266
112 275
113 61
113 72
113 73
113 82
113 93
113 103
113 106
113 121
113 124
113 135
113 137
113 147
113 167
113 168
113 169
113 174
113 175
113 176
113 199
113 218
113 224
113 231
113 232
113 254
113 269
114 4
114 26
114 46
114 49
114 80
114 98
114 113
114 144
114 152
114 159
114 186
114 192
114 231
114 237
114 260
114 264
114 266
114 271
115 1
115 28
115 44
115 68
115 72
115 75
115 81
115 91
115 92
115 101
115 126
115 130
115 131
115 137
115 147
115 162
115 172
115 175
115 187
115 209
115 215
115 231
115 241
115 246
115 253
116 7
116 11
116 34
116 44
116 50
116 63
116 67
116 79
116 102
116 107
116 118
116 123
116 134
116 137
116 138
116 146
116 151
116 159
116 179
116 183
116 198
116 211
116 242
116 243
116 260
116 264
116 272
117 2
117 7
117 23
117 29
117 33
117 38
117 61
117 71
117 108
117 109
117 129
117 137
117 157
117 177
117 185
117 193
117 195
117 209
117 237
117 249
117 252
117 255
117 272
117 274
118 1
118 6
118 10
118 15
118 48
118 80
118 83
118 84
118 88
118 112
118 119
118 124
118 129
118 145
118 153
118 182
118 206
118 211
118 212
118 224
118 227
118 229
118 231
118 256
118 257
118 258
118 261
118 265
118 272
118 282
118 283
119 8
119 11
119 16
119 27
119 37
119 79
119 83
119 89
119 92
119 95
119 102
119 106
119 117
119 144
119 149
119 153
119 158
119 180
119 190
119 212
119 213
119 214
119 224
119 239
119 241
119 248
119 257
119 262
119 264
119 271
119 277
120 0
120 27
120 31
120 35
120 36
120 46
120 55
120 77
120 105
120 108
120 117
120 123
120 125
120 135
120 146
120 150
120 151
120 172
120 176
120 191
120 193
120 203
120 209
120 216
120 221
120 227
120 230
120 237
120 251
121 23
121 35
121 38
121 41
121 64
121 77
121 78
121 96
121 101
121 109
121 115
121 117
121 121
121 155
121 162
121 164
121 165
121 194
121 195
121 209
121 210
121 221
121 222
121 230
121 234
121 244
121 273
122 5
122 20
122 29
122 31
122 41
122 46
122 50
122 52
122 71
122 78
122 106
122 110
122 120
122 128
122 132
122 137
122 147
122 156
122 167
122 168
122 171
122 208
122 266
122 268
123 1
123 25
123 30
123 34
123 45
123 56
123 60
123 63
123 87
123 92
123 95
123 101
123 105
123 117
123 120
123 128
123 135
123 140
123 144
123 154
123 220
123 225
123 244
123 255
123 277
123 279
124 3
124 5
124 25
124 75
124 86
124 92
124 111
124 117
124 138
124 141
124 158
124 165
124 166
124 167
124 170
124 180
124 201
124 244
124 247
124 248
124 252
124 254
124 256
124 269
124 277
125 11
125 22
125 28
125 34
125 36
125 37
125 44
125 48
125 60
125 63
125 70
125 78
125 79
125 80
125 88
125 102
125 111
125 116
125 124
125 130
125 145
125 148
125 160
125 168
125 185
125 190
125 191
125 198
125 206
125 211
125 215
125 230
125 246
125 250
125 254
125 257
125 261
125 263
125 281
126 10
126 16
126 39
126 54
126 60
126 61
126 65
126 73
126 77
126 79
126 89
126 100
126 110
126 126
126 150
126 152
126 173
126 207
126 225
126 227
126 238
126 242
126 254
126 271
126 274
127 11
127 22
127 37
127 45
127 53
127 65
127 66
127 67
127 76
127 121
127 133
127 136
127 137
127 142
127 156
127 162
127 167
127 169
127 185
127 205
127 210
127 219
127 220
127 245
127 257
127 266
127 269
127 270
128 6
128 17
128 37
128 49
128 65
128 70
128 73
128 75
128 90
128 94
128 99
128 102
128 126
128 127
128 163
128 172
128 182
128 193
128 209
128 215
128 219
128 234
128 236
128 239
128 241
128 246
128 267
128 277
129 9
129 18
129 30
129 37
129 44
129 46
129 58
129 85
129 98
129 99
129 112
129 116
129 120
129 143
129 153
129 157
129 168
129 173
129 190
129 199
129 206
129 217
129 224
129 232
129 233
129 234
129 248
129 264
129 270
129 280
130 6
130 13
130 17
130 29
130 30
130 59
130 72
130 82
130 88
130 89
130 91
130 92
130 94
130 96
130 105
130 130
130 131
130 140
130 148
130 166
130 175
130 181
130 194
130 197
130 208
130 219
130 225
130 229
130 250
130 258
130 276
130 277
131 2
131 3
131 4
131 7
131 8
131 19
131 21
131 24
131 25
131 41
131 59
131 62
131 72
131 85
131 92
131 97
131 100
131 106
131 108
131 109
131 113
131 121
131 155
131 158
131 174
131 175
131 197
131 198
131 229
131 230
131 240
131 260
131 266
131 269
131 276
131 284
132 3
132 14
132 16
132 30
132 77
132 88
132 90
132 110
132 128
132 130
132 136
132 176
132 182
132 229
132 249
132 250
132 273
133 11
133 17
133 18
133 30
133 33
133 46
133 78
133 94
133 119
133 122
133 138
133 154
133 158
133 159
133 165
133 175
133 180
133 185
133 203
133 224
133 225
133 231
133 255
133 260
133 261
133 263
134 0
134 2
134 25
134 27
134 37
134 49
134 53
134 67
134 69
134 70
134 81
134 85
134 88
134 90
134 94
134 105
134 107
134 114
134 115
134 134
134 136
134 141
134 178
134 198
134 216
134 220
134 227
134 232
134 236
134 242
134 245
134 271
134 274
135 3
135 4
135 9
135 14
135 25
135 32
135 34
135 35
135 52
135 53
135 58
135 66
135 67
135 99
135 114
135 129
135 148
135 163
135 172
135 182
135 189
135 200
135 202
135 212
135 223
135 230
135 252
135 261
135 262
135 264
135 268
135 271
135 277
136 24
136 26
136 33
136 42
136 50
136 51
136 58
136 70
136 71
136 86
136 99
136 121
136 133
136 164
136 171
136 175
136 190
136 207
136 210
136 216
136 235
136 237
136 248
136 282
136 283
137 0
137 1
137 7
137 59
137 65
137 69
137 72
137 81
137 88
137 96
137 98
137 116
137 148
137 150
137 152
137 153
137 175
137 179
137 180
137 208
137 217
137 231
137 235
137 271
137 277
137 281
137 283
138 9
138 12
138 22
138 32
138 36
138 41
138 42
138 49
138 52
138 56
138 62
138 70
138 75
138 82
138 85
138 95
138 131
138 136
138 146
138 151
138 154
138 157
138 160
138 161
138 173
138 182
138 186
138 196
138 204
138 215
138 216
138 219
138 225
138 248
138 250
138 270
138 280
138 281
138 284
139 4
139 7
139 26
139 41
139 50
139 70
139 96
139 105
139 106
139 109
139 111
139 117
139 124
139 129
139 133
139 141
139 142
139 149
139 172
139 177
139 185
139 196
139 204
139 210
139 221
139 264
139 266
140 7
140 21
140 24
140 32
140 33
140 42
140 58
140 93
140 102
140 141
140 152
140 157
140 158
140 160
140 165
140 174
140 188
140 192
140 207
140 212
140 224
140 232
140 240
140 243
140 248
140 255
140 260
140 268
140 274
140 284
141 8
141 17
141 23
141 43
141 48
141 67
141 84
141 111
141 119
141 122
141 129
141 131
141 133
141 138
141 152
141 170
141 171
141 176
141 188
141 208
141 209
141 220
141 229
141 230
141 253
141 274
141 275
142 12
142 35
142 39
142 43
142 60
142 63
142 90
142 97
142 100
142 120
142 135
142 136
142 137
142 144
142 147
142 170
142 189
142 196
142 207
142 209
142 215
142 235
142 245
142 263
142 273
142 278
143 27
143 29
143 30
143 36
143 43
143 45
143 53
143 64
143 91
143 100
143 102
143 122
143 125
143 136
143 148
143 151
143 155
143 175
143 191
143 196
143 203
143 220
143 240
143 244
143 246
143 255
143 261
143 262
143 266
144 18
144 48
144 65
144 70
144 75
144 80
144 84
144 86
144 89
144 102
144 107
144 115
144 141
144 148
144 150
144 172
144 188
144 189
144 210
144 217
144 224
144 255
144 270
144 271
144 275
145 0
145 11
145 21
145 29
145 46
145 51
145 59
145 75
145 80
145 90
145 98
145 101
145 116
145 119
145 121
145 130
145 136
145 143
145 146
145 149
145 151
145 157
145 161
145 171
145 196
145 203
145 208
145 216
145 217
145 230
145 232
145 235
145 237
145 255
145 264
145 271
146 11
146 14
146 30
146 33
146 48
146 70
146 79
146 85
146 89
146 92
146 98
146 121
146 159
146 164
146 168
146 181
146 184
146 226
146 231
146 239
146 244
146 246
146 250
146 251
147 14
147 17
147 25
147 56
147 79
147 93
147 105
147 107
147 108
147 111
147 135
147 144
147 154
147 160
147 173
147 176
147 191
147 193
147 194
147 208
147 216
147 217
147 226
147 241
147 276
147 277
148 6
148 15
148 18
148 27
148 28
148 44
148 55
148 67
148 88
148 96
148 113
148 129
148 138
148 140
148 160
148 188
148 230
148 234
148 240
148 248
148 278
149 5
149 18
149 35
149 69
149 70
149 75
149 79
149 109
149 116
149 127
149 128
149 132
149 137
149 154
149 158
149 160
149 171
149 177
149 180
149 191
149 200
149 208
149 211
149 214
149 221
149 226
149 254
149 268
150 3
150 5
150 13
150 14
150 19
150 20
150 36
150 47
150 48
150 63
150 72
150 101
150 105
150 120
150 128
150 141
150 170
150 172
150 230
150 238
150 257
150 260
150 274
150 279
150 282
151 24
151 36
151 38
151 39
151 50
151 52
151 67
151 74
151 75
151 84
151 94
151 106
151 115
151 118
151 133
151 141
151 142
151 196
151 197
151 200
151 201
151 215
151 246
151 247
151 269
151 273
151 279
152 0
152 6
152 17
152 26
152 32
152 35
152 41
152 64
152 69
152 78
152 84
152 110
152 116
152 130
152 149
152 155
152 163
152 174
152 190
152 213
152 217
152 220
152 222
152 225
152 226
152 227
152 235
152 242
152 284
153 12
153 14
153 23
153 36
153 58
153 64
153 68
153 70
153 92
153 107
153 109
153 124
153 126
153 143
153 172
153 178
153 199
153 224
153 226
153 233
153 234
153 236
153 239
153 258
153 262
153 268
153 279
153 284
154 48
154 52
154 85
154 91
154 122
154 123
154 142
154 164
154 173
154 181
154 183
154 202
154 208
154 230
154 236
154 241
154 244
154 246
154 254
154 280
155 4
155 7
155 8
155 11
155 30
155 37
155 48
155 71
155 72
155 78
155 107
155 109
155 110
155 120
155 122
155 132
155 138
155 144
155 149
155 152
155 157
155 168
155 171
155 172
155 173
155 189
155 197
155 198
155 200
155 207
155 213
155 217
155 238
155 239
155 251
155 262
155 272
156 0
156 3
156 21
156 23
156 29
156 35
156 49
156 51
156 62
156 71
156 76
156 77
156 86
156 97
156 101
156 102
156 119
156 131
156 132
156 160
156 165
156 166
156 193
156 194
156 207
156 230
156 242
156 264
157 27
157 46
157 61
157 62
157 88
157 102
157 111
157 118
157 122
157 124
157 148
157 151
157 159
157 162
157 175
157 178
157 186
157 212
157 218
157 232
157 245
157 251
157 257
157 268
158 12
158 22
158 49
158 52
158 57
158 59
158 63
158 71
158 81
158 98
158 101
158 115
158 117
158 128
158 138
158 155
158 159
158 161
158 181
158 185
158 201
158 225
158 235
158 237
158 274
158 275
159 12
159 17
159 24
159 34
159 38
159 43
159 47
159 56
159 79
159 86
159 92
159 100
159 135
159 166
159 178
159 199
159 207
159 208
159 214
159 249
159 255
159 265
159 277
160 2
160 6
160 7
160 19
160 20
160 21
160 47
160 71
160 96
160 100
160 110
160 136
160 169
160 187
160 192
160 205
160 208
160 223
160 224
160 233
160 241
161 18
161 40
161 41
161 44
161 52
161 62
161 70
161 88
161 100
161 117
161 122
161 123
161 127
161 128
161 133
161 157
161 168
161 169
161 176
161 186
161 189
161 192
161 201
161 211
161 217
161 223
161 229
161 230
161 270
161 283
162 13
162 19
162 27
162 38
162 52
162 53
162 66
162 83
162 94
162 118
162 122
162 131
162 170
162 175
162 177
162 192
162 193
162 204
162 206
162 233
162 243
162 258
162 265
162 267
162 268
162 282
162 283
162 284
163 22
163 24
163 31
163 81
163 106
163 112
163 120
163 151
163 159
163 167
163 170
163 177
163 178
163 182
163 190
163 197
163 205
163 206
163 218
163 247
163 258
163 259
163 273
163 277
164 6
164 32
164 35
164 42
164 47
164 50
164 63
164 65
164 70
164 74
164 77
164 91
164 92
164 107
164 126
164 139
164 147
164 152
164 154
164 170
164 184
164 201
164 203
164 204
164 224
164 228
164 238
164 240
164 241
164 250
164 252
164 267
164 268
164 273
164 281
165 3
165 10
165 11
165 35
165 41
165 49
165 50
165 99
165 118
165 120
165 132
165 140
165 150
165 152
165 166
165 170
165 176
165 178
165 190
165 200
165 217
165 221
165 237
165 249
165 251
165 258
165 263
165 268
165 280
166 6
166 9
166 11
166 23
166 25
166 26
166 27
166 28
166 29
166 42
166 44
166 46
166 51
166 66
166 104
166 110
166 113
166 130
166 135
166 139
166 148
166 154
166 161
166 162
166 183
166 186
166 190
166 199
166 210
166 220
166 222
166 223
166 227
166 239
166 242
166 243
166 251
166 258
166 269
166 271
166 274
166 275
166 281
167 0
167 5
167 12
167 16
167 21
167 25
167 27
167 29
167 35
167 38
167 40
167 50
167 53
167 58
167 68
167 72
167 77
167 81
167 85
167 91
167 93
167 127
167 143
167 150
167 157
167 171
167 172
167 175
167 176
167 186
167 195
167 220
167 221
167 226
167 242
167 284
168 6
168 7
168 14
168 20
168 37
168 42
168 56
168 65
168 66
168 71
168 77
168 78
168 115
168 117
168 119
168 132
168 139
168 148
168 170
168 175
168 177
168 215
168 222
168 232
168 233
168 241
168 259
168 268
168 270
168 274
168 278
169 10
169 21
169 35
169 40
169 53
169 76
169 95
169 101
169 105
169 115
169 120
169 124
169 126
169 127
169 130
169 133
169 139
169 145
169 153
169 161
169 165
169 166
169 167
169 176
169 180
169 182
169 190
169 196
169 209
169 225
169 230
169 245
169 266
169 267
169 274
170 13
170 23
170 37
170 51
170 53
170 59
170 60
170 63
170 73
170 86
170 93
170 102
170 105
170 107
170 108
170 112
170 129
170 134
170 146
170 160
170 163
170 176
170 201
170 215
170 228
170 250
170 252
170 254
170 259
170 261
170 272
170 276
171 32
171 33
171 34
171 45
171 59
171 69
171 72
171 84
171 87
171 92
171 94
171 107
171 108
171 122
171 133
171 139
171 143
171 145
171 165
171 168
171 170
171 174
171 176
171 183
171 199
171 204
171 235
171 240
171 272
171 279
171 283
172 6
172 13
172 14
172 19
172 20
172 26
172 27
172 29
172 40
172 43
172 44
172 49
172 52
172 60
172 62
172 67
172 73
172 80
172 86
172 87
172 126
172 131
172 161
172 190
172 191
172 208
172 240
172 249
172 252
172 254
172 258
173 11
173 24
173 34
173 47
173 51
173 53
173 61
173 76
173 80
173 81
173 83
173 85
173 92
173 93
173 140
173 142
173 160
173 161
173 175
173 189
173 200
173 203
173 221
173 224
173 236
174 5
174 7
174 8
174 14
174 28
174 34
174 44
174 45
174 61
174 84
174 85
174 123
174 142
174 152
174 166
174 168
174 178
174 186
174 192
174 227
174 233
174 234
174 240
174 244
174 249
174 259
174 262
174 269
174 270
174 277
175 6
175 24
175 26
175 29
175 30
175 33
175 39
175 57
175 58
175 65
175 101
175 102
175 103
175 105
175 106
175 141
175 143
175 155
175 172
175 181
175 185
175 198
175 205
175 207
175 217
175 224
175 249
175 275
176 16
176 17
176 36
176 40
176 47
176 48
176 52
176 56
176 57
176 63
176 67
176 68
176 70
176 72
176 78
176 79
176 87
176 120
176 132
176 135
176 137
176 153
176 174
176 178
176 179
176 181
176 182
176 185
176 195
176 204
176 219
176 229
176 233
176 240
176 251
176 269
176 279
176 280
177 4
177 12
177 22
177 53
177 55
177 68
177 78
177 79
177 81
177 99
177 108
177 122
177 123
177 124
177 138
177 139
177 155
177 182
177 190
177 204
177 207
177 212
177 222
177 245
177 246
177 249
177 266
177 279
178 8
178 17
178 30
178 52
178 56
178 65
178 79
178 82
178 117
178 126
178 131
178 142
178 148
178 192
178 209
178 215
178 227
178 232
178 242
178 249
178 276
179 1
179 6
179 15
179 24
179 30
179 36
179 39
179 58
179 61
179 85
179 97
179 115
179 116
179 118
179 126
179 128
179 130
179 136
179 137
179 156
179 158
179 163
179 166
179 180
179 197
179 205
179 209
179 219
179 233
179 253
179 255
179 274
179 275
179 281
179 284
180 0
180 19
180 29
180 35
180 42
180 55
180 57
180 68
180 73
180 81
180 84
180 94
180 109
180 117
180 128
180 136
180 137
180 144
180 171
180 196
180 213
180 240
180 246
180 250
180 251
180 260
180 265
180 273
180 277
180 280
181 10
181 27
181 45
181 47
181 49
181 55
181 63
181 83
181 87
181 97
181 99
181 107
181 119
181 123
181 130
181 135
181 153
181 154
181 157
181 159
181 160
181 161
181 164
181 165
181 175
181 179
181 182
181 189
181 192
181 194
181 199
181 207
181 211
181 226
181 228
181 237
181 247
181 250
181 262
181 265
181 272
182 8
182 46
182 59
182 71
182 75
182 81
182 82
182 87
182 110
182 122
182 128
182 129
182 141
182 145
182 153
182 155
182 156
182 163
182 172
182 185
182 188
182 194
182 196
182 216
182 219
182 220
182 223
182 232
182 236
182 241
182 251
182 263
182 268
182 278
182 281
183 28
183 35
183 37
183 39
183 43
183 48
183 50
183 52
183 53
183 57
183 63
183 72
183 86
183 88
183 111
183 121
183 128
183 141
183 150
183 154
183 166
183 195
183 209
183 210
183 215
183 222
183 227
183 235
183 247
183 277
184 5
184 15
184 28
184 29
184 34
184 43
184 53
184 57
184 63
184 71
184 78
184 110
184 120
184 122
184 139
184 140
184 171
184 174
184 175
184 176
184 182
184 184
184 208
184 210
184 217
184 239
184 244
184 255
184 266
184 275
184 281
184 283
185 6
185 15
185 18
185 34
185 39
185 51
185 56
185 62
185 63
185 80
185 101
185 105
185 110
185 124
185 130
185 134
185 152
185 161
185 173
185 176
185 180
185 182
185 185
185 187
185 192
185 233
185 242
185 251
185 258
186 12
186 28
186 32
186 58
186 64
186 73
186 81
186 97
186 107
186 119
186 135
186 136
186 150
186 154
186 177
186 183
186 205
186 214
186 221
186 229
186 249
186 254
186 273
186 284
187 10
187 13
187 15
187 19
187 33
187 51
187 62
187 73
187 75
187 84
187 89
187 96
187 99
187 112
187 124
187 128
187 135
187 145
187 153
187 154
187 158
187 159
187 166
187 187
187 212
187 219
187 229
187 230
187 248
187 258
187 259
187 262
187 267
187 271
187 273
187 284
188 4
188 14
188 16
188 22
188 34
188 36
188 64
188 65
188 72
188 91
188 121
188 129
188 130
188 143
188 171
188 184
188 187
188 193
188 198
188 212
188 235
188 254
188 263
188 279
188 280
189 10
189 11
189 14
189 16
189 24
189 26
189 38
189 50
189 85
189 91
189 96
189 103
189 108
189 109
189 116
189 124
189 130
189 133
189 134
189 141
189 151
189 154
189 157
189 173
189 187
189 200
189 201
189 202
189 207
189 226
189 227
189 231
189 233
189 240
189 243
189 254
189 275
189 279
189 282
190 4
190 38
190 41
190 49
190 84
190 89
190 96
190 111
190 118
190 137
190 140
190 172
190 174
190 188
190 196
190 198
190 199
190 216
190 223
190 239
190 243
190 255
190 258
190 259
190 276
190 281
191 0
191 44
191 65
191 66
191 72
191 83
191 92
191 95
191 107
191 110
191 123
191 129
191 143
191 171
191 174
191 184
191 191
191 195
191 201
191 217
191 224
191 232
191 272
192 0
192 19
192 54
192 55
192 74
192 87
192 97
192 102
192 104
192 113
192 133
192 141
192 153
192 176
192 206
192 220
192 222
192 224
192 227
192 240
192 252
192 262
192 268
192 269
192 283
193 8
193 19
193 29
193 36
193 39
193 53
193 56
193 90
193 94
193 97
193 107
193 108
193 139
193 140
193 157
193 163
193 191
193 194
193 197
193 208
193 212
193 239
193 240
193 257
193 259
193 280
193 282
194 10
194 15
194 27
194 45
194 63
194 83
194 94
194 104
194 115
194 136
194 149
194 160
194 161
194 162
194 178
194 182
194 217
194 221
194 233
194 260
194 275
194 284
195 1
195 5
195 7
195 22
195 30
195 35
195 37
195 42
195 47
195 48
195 66
195 77
195 80
195 87
195 95
195 113
195 127
195 166
195 168
195 215
195 228
195 229
195 257
195 263
195 284
196 2
196 21
196 23
196 25
196 30
196 38
196 44
196 52
196 71
196 98
196 118
196 139
196 175
196 189
196 213
196 225
196 233
196 241
196 242
196 247
196 269
196 273
196 278
197 3
197 8
197 25
197 27
197 47
197 67
197 90
197 113
197 116
197 120
197 123
197 132
197 136
197 149
197 169
197 178
197 181
197 206
197 240
197 245
197 252
197 260
197 270
197 277
197 282
198 2
198 7
198 41
198 44
198 50
198 53
198 58
198 85
198 87
198 106
198 121
198 127
198 130
198 131
198 134
198 138
198 148
198 155
198 162
198 164
198 183
198 194
198 197
198 205
198 211
198 215
198 221
198 222
198 229
198 259
198 266
198 268
198 271
199 9
199 19
199 28
199 41
199 44
199 48
199 51
199 53
199 67
199 73
199 87
199 95
199 97
199 114
199 119
199 126
199 132
199 139
199 140
199 146
199 151
199 157
199 165
199 177
199 241
199 244
199 255
199 277
199 280
200 19
200 21
200 24
200 42
200 67
200 68
200 77
200 80
200 82
200 88
200 93
200 101
200 115
200 133
200 152
200 169
200 171
200 175
200 182
200 199
200 201
200 213
200 223
200 224
200 258
200 275
201 6
201 11
201 27
201 42
201 54
201 55
201 68
201 75
201 81
201 86
201 89
201 117
201 118
201 125
201 127
201 152
201 161
201 164
201 168
201 169
201 170
201 173
201 181
201 206
201 222
201 229
201 248
201 249
201 258
201 263
202 8
202 22
202 45
202 51
202 52
202 54
202 58
202 60
202 70
202 102
202 107
202 111
202 119
202 120
202 124
202 125
202 127
202 152
202 171
202 199
202 210
202 228
202 233
202 249
202 266
202 269
202 270
202 273
203 1
203 9
203 15
203 19
203 24
203 33
203 40
203 46
203 53
203 68
203 71
203 99
203 101
203 105
203 111
203 112
203 115
203 121
203 128
203 129
203 130
203 131
203 134
203 143
203 152
203 153
203 156
203 162
203 176
203 178
203 181
203 192
203 200
203 202
203 207
203 210
203 211
203 214
203 219
203 220
203 238
203 239
203 252
203 260
203 265
203 267
203 274
203 281
204 8
204 25
204 51
204 57
204 58
204 65
204 74
204 79
204 88
204 93
204 101
204 122
204 147
204 173
204 186
204 189
204 231
204 232
204 243
204 245
204 252
204 258
204 268
204 277
205 1
205 13
205 19
205 27
205 37
205 39
205 45
205 63
205 65
205 86
205 119
205 123
205 146
205 152
205 163
205 177
205 179
205 204
205 217
205 227
206 0
206 16
206 37
206 42
206 45
206 54
206 68
206 82
206 88
206 89
206 105
206 113
206 117
206 121
206 123
206 144
206 149
206 154
206 156
206 160
206 166
206 188
206 191
206 213
206 226
206 230
206 234
206 239
206 275
207 1
207 3
207 6
207 13
207 16
207 17
207 21
207 26
207 39
207 41
207 44
207 81
207 82
207 100
207 101
207 104
207 108
207 112
207 122
207 124
207 132
207 153
207 169
207 170
207 184
207 186
207 190
207 192
207 218
207 240
207 245
207 250
207 253
207 263
207 281
208 20
208 35
208 41
208 52
208 63
208 79
208 99
208 101
208 106
208 110
208 114
208 122
208 123
208 128
208 129
208 131
208 137
208 146
208 149
208 164
208 172
208 176
208 177
208 187
208 212
208 214
208 219
208 223
208 227
208 237
208 239
208 242
208 245
208 246
208 253
208 258
208 271
208 272
209 27
209 36
209 37
209 51
209 65
209 72
209 88
209 91
209 97
209 105
209 109
209 121
209 124
209 133
209 144
209 145
209 149
209 158
209 161
209 162
209 176
209 220
209 222
209 239
209 282
210 2
210 28
210 46
210 78
210 84
210 118
210 121
210 122
210 123
210 130
210 142
210 165
210 172
210 175
210 184
210 196
210 205
210 215
210 223
210 235
210 247
210 266
210 276
210 282
211 10
211 16
211 28
211 32
211 37
211 44
211 49
211 52
211 62
211 66
211 72
211 79
211 99
211 117
211 119
211 142
211 144
211 145
211 148
211 173
211 174
211 188
211 189
211 197
211 220
211 224
211 236
211 241
211 263
211 267
211 270
211 277
211 278
212 23
212 37
212 69
212 70
212 91
212 101
212 131
212 132
212 136
212 146
212 149
212 158
212 177
212 185
212 187
212 191
212 196
212 199
212 220
212 237
212 247
212 248
212 250
212 258
212 259
213 8
213 20
213 44
213 45
213 47
213 50
213 51
213 65
213 70
213 79
213 81
213 92
213 115
213 119
213 121
213 147
213 160
213 182
213 186
213 197
213 198
213 214
213 218
213 222
213 230
213 232
213 248
213 255
213 259
213 266
213 269
213 278
213 280
213 282
213 284
214 8
214 22
214 34
214 57
214 62
214 72
214 90
214 100
214 105
214 108
214 114
214 121
214 127
214 136
214 154
214 163
214 191
214 195
214 198
214 229
214 248
214 255
214 256
214 281
215 4
215 28
215 45
215 48
215 55
215 60
215 63
215 69
215 76
215 88
215 98
215 110
215 114
215 136
215 141
215 151
215 160
215 188
215 204
215 205
215 218
215 220
215 231
215 237
215 239
215 240
215 254
215 258
215 265
215 275
215 277
216 4
216 5
216 12
216 35
216 77
216 94
216 110
216 130
216 139
216 144
216 147
216 151
216 153
216 158
216 161
216 188
216 199
216 202
216 219
216 226
216 232
216 233
216 234
216 241
216 261
216 270
216 273
216 281
217 6
217 9
217 21
217 37
217 44
217 51
217 52
217 72
217 80
217 83
217 90
217 96
217 105
217 114
217 135
217 149
217 153
217 164
217 179
217 180
217 182
217 184
217 192
217 198
217 199
217 206
217 209
217 212
217 220
217 224
217 233
217 241
217 247
217 250
217 258
217 283
218 5
218 34
218 44
218 55
218 58
218 123
218 137
218 148
218 157
218 158
218 166
218 177
218 200
218 248
218 251
218 260
218 269
218 276
218 277
218 281
219 8
219 22
219 40
219 43
219 51
219 54
219 60
219 103
219 139
219 143
219 159
219 164
219 170
219 174
219 175
219 184
219 218
219 227
219 255
219 256
219 260
219 270
219 275
220 16
220 31
220 37
220 59
220 60
220 69
220 78
220 90
220 91
220 93
220 101
220 105
220 107
220 121
220 128
220 153
220 165
220 201
220 207
220 221
220 225
220 241
220 243
220 244
220 247
220 257
220 261
220 262
220 273
220 274
220 275
221 21
221 27
221 29
221 40
221 45
221 69
221 88
221 94
221 99
221 102
221 119
221 135
221 161
221 164
221 168
221 173
221 177
221 178
221 187
221 194
221 201
221 202
221 222
221 224
221 237
221 239
221 254
221 255
221 258
221 263
221 277
222 6
222 8
222 13
222 18
222 39
222 40
222 54
222 57
222 60
222 62
222 67
222 76
222 79
222 97
222 104
222 110
222 133
222 136
222 139
222 144
222 145
222 160
222 165
222 166
222 173
222 190
222 243
222 264
222 270
223 6
223 14
223 15
223 28
223 32
223 38
223 45
223 46
223 62
223 83
223 107
223 125
223 132
223 139
223 140
223 149
223 153
223 160
223 165
223 167
223 191
223 192
223 195
223 208
223 211
223 213
223 216
223 233
223 242
223 261
224 5
224 6
224 9
224 24
224 32
224 33
224 34
224 39
224 56
224 64
224 68
224 94
224 95
224 104
224 106
224 121
224 130
224 183
224 186
224 188
224 200
224 201
224 203
224 212
224 218
224 240
224 246
224 256
224 258
224 266
224 284
225 14
225 19
225 23
225 26
225 27
225 30
225 33
225 45
225 51
225 56
225 62
225 72
225 87
225 96
225 117
225 136
225 152
225 169
225 170
225 173
225 186
225 217
225 230
225 231
225 235
225 254
225 265
225 277
226 20
226 36
226 37
226 42
226 45
226 60
226 70
226 71
226 74
226 114
226 115
226 116
226 121
226 122
226 123
226 128
226 129
226 132
226 143
226 145
226 161
226 168
226 178
226 187
226 191
226 195
226 206
226 221
226 228
226 236
226 237
226 238
226 255
226 259
226 262
226 273
226 279
227 1
227 5
227 8
227 14
227 49
227 51
227 63
227 70
227 92
227 96
227 101
227 106
227 138
227 148
227 206
227 207
227 209
227 213
227 224
227 227
227 235
227 238
227 256
227 265
227 268
227 276
227 277
228 1
228 8
228 33
228 36
228 41
228 46
228 57
228 69
228 80
228 85
228 97
228 101
228 105
228 121
228 127
228 149
228 172
228 187
228 201
228 207
228 208
228 211
228 215
228 218
228 219
228 221
228 230
228 235
228 241
228 252
228 264
228 270
228 274
228 280
228 283
229 7
229 13
229 27
229 60
229 61
229 88
229 93
229 97
229 99
229 101
229 107
229 113
229 137
229 139
229 154
229 169
229 170
229 175
229 182
229 186
229 194
229 202
229 204
229 211
229 217
229 219
229 223
229 224
229 231
229 235
229 238
229 251
229 269
229 280
230 3
230 9
230 20
230 24
230 27
230 41
230 48
230 96
230 123
230 131
230 137
230 159
230 183
230 201
230 207
230 214
230 217
230 218
230 224
230 225
230 240
230 263
230 264
230 265
230 274
230 278
230 279
230 282
231 8
231 26
231 41
231 47
231 57
231 58
231 68
231 71
231 74
231 81
231 83
231 104
231 144
231 164
231 194
231 231
231 252
231 254
231 266
231 268
231 271
231 274
232 1
232 4
232 19
232 22
232 39
232 48
232 67
232 70
232 94
232 109
232 112
232 115
232 116
232 121
232 125
232 127
232 137
232 170
232 174
232 175
232 182
232 189
232 196
232 200
232 213
232 218
232 229
232 242
232 256
233 6
233 27
233 57
233 64
233 75
233 80
233 87
233 110
233 128
233 130
233 134
233 144
233 155
233 162
233 166
233 167
233 191
233 202
233 208
233 217
233 242
233 243
233 248
233 260
233 273
233 276
233 278
233 282
234 5
234 11
234 13
234 26
234 27
234 28
234 36
234 47
234 48
234 75
234 82
234 84
234 96
234 100
234 113
234 136
234 151
234 173
234 189
234 217
234 226
234 227
234 250
234 262
234 275
234 278
234 279
235 4
235 6
235 16
235 23
235 40
235 41
235 45
235 62
235 63
235 64
235 65
235 81
235 83
235 90
235 93
235 99
235 102
235 106
235 108
235 113
235 125
235 134
235 148
235 165
235 169
235 188
235 206
235 226
235 240
235 245
235 246
235 257
235 274
235 275
236 27
236 32
236 33
236 37
236 45
236 50
236 51
236 66
236 87
236 90
236 125
236 135
236 150
236 152
236 158
236 182
236 188
236 196
236 214
236 220
236 222
236 228
236 244
236 246
236 247
236 256
237 8
237 13
237 16
237 17
237 24
237 28
237 30
237 34
237 37
237 48
237 57
237 102
237 104
237 110
237 111
237 118
237 153
237 156
237 157
237 169
237 202
237 204
237 237
237 265
237 278
238 0
238 5
238 8
238 11
238 19
238 41
238 45
238 49
238 51
238 68
238 77
238 91
238 94
238 100
238 108
238 126
238 131
238 134
238 152
238 165
238 168
238 174
238 191
238 207
238 223
238 230
238 231
238 243
238 244
238 249
238 250
238 261
238 266
238 273
238 276
238 278
239 2
239 3
239 13
239 16
239 17
239 18
239 19
239 64
239 85
239 90
239 96
239 104
239 123
239 130
239 133
239 147
239 163
239 169
239 179
239 184
239 191
239 199
239 221
239 222
239 262
239 264
240 3
240 13
240 27
240 32
240 39
240 44
240 54
240 60
240 62
240 67
240 69
240 89
240 95
240 115
240 117
240 134
240 157
240 171
240 178
240 195
240 238
240 240
240 248
240 282
241 8
241 15
241 24
241 29
241 31
241 35
241 62
241 64
241 78
241 80
241 81
241 87
241 89
241 99
241 100
241 108
241 120
241 124
241 125
241 126
241 131
241 159
241 165
241 189
241 193
241 207
241 209
241 225
241 246
241 280
241 281
241 282
242 10
242 27
242 39
242 48
242 56
242 79
242 91
242 97
242 99
242 105
242 108
242 110
242 111
242 125
242 135
242 141
242 142
242 166
242 177
242 178
242 179
242 197
242 216
242 220
242 227
242 232
242 260
242 267
242 281
243 2
243 4
243 14
243 30
243 59
243 65
243 66
243 87
243 88
243 106
243 107
243 148
243 158
243 161
243 178
243 179
243 185
243 194
243 201
243 212
243 228
243 230
243 233
243 268
243 270
243 273
243 276
244 13
244 53
244 56
244 62
244 84
244 102
244 106
244 117
244 118
244 132
244 135
244 137
244 151
244 168
244 185
244 191
244 216
244 232
244 260
244 261
244 263
244 273
244 280
244 282
244 284
245 19
245 33
245 42
245 50
245 53
245 56
245 60
245 84
245 94
245 96
245 101
245 108
245 115
245 119
245 128
245 131
245 137
245 143
245 145
245 149
245 154
245 157
245 164
245 191
245 192
245 194
245 204
245 205
245 209
245 215
245 221
245 246
245 259
245 279
245 282
246 0
246 1
246 7
246 24
246 26
246 38
246 47
246 51
246 58
246 60
246 61
246 98
246 104
246 105
246 112
246 124
246 137
246 141
246 142
246 157
246 178
246 215
246 217
246 224
246 231
246 238
246 252
246 270
246 275
246 283
247 30
247 31
247 58
247 75
247 77
247 97
247 98
247 113
247 116
247 121
247 129
247 131
247 141
247 145
247 146
247 150
247 151
247 158
247 168
247 180
247 199
247 206
247 207
247 209
247 210
247 217
247 248
247 254
247 277
247 281
248 5
248 13
248 84
248 85
248 102
248 103
248 112
248 126
248 150
248 151
248 157
248 180
248 200
248 201
248 230
248 231
248 233
248 240
248 241
248 251
249 5
249 16
249 17
249 44
249 59
249 67
249 68
249 72
249 78
249 80
249 82
249 84
249 90
249 91
249 112
249 123
249 125
249 152
249 153
249 213
249 258
249 263
249 269
249 284
250 12
250 20
250 44
250 47
250 60
250 62
250 73
250 77
250 79
250 86
250 90
250 100
250 109
250 111
250 113
250 115
250 121
250 125
250 134
250 135
250 137
250 144
250 159
250 163
250 175
250 180
250 185
250 195
250 218
250 226
250 238
250 250
250 259
250 262
250 268
250 274
250 276
250 277
251 3
251 6
251 16
251 32
251 47
251 56
251 113
251 129
251 130
251 135
251 142
251 155
251 169
251 207
251 208
251 213
251 214
251 219
251 250
251 274
251 283
252 5
252 18
252 23
252 25
252 33
252 47
252 51
252 93
252 104
252 106
252 146
252 178
252 179
252 188
252 192
252 202
252 211
252 217
252 232
252 237
252 241
252 256
252 268
252 284
253 4
253 13
253 33
253 34
253 50
253 51
253 57
253 64
253 73
253 98
253 115
253 140
253 149
253 151
253 164
253 180
253 192
253 198
253 207
253 211
253 218
253 226
253 233
253 235
253 256
253 261
253 265
253 268
253 272
253 279
253 284
254 2
254 13
254 43
254 52
254 61
254 80
254 92
254 125
254 131
254 153
254 177
254 195
254 209
254 210
254 213
254 220
254 245
254 247
254 251
254 254
254 255
254 271
254 278
254 284
255 4
255 15
255 20
255 28
255 32
255 34
255 40
255 41
255 70
255 71
255 88
255 89
255 98
255 99
255 100
255 103
255 121
255 122
255 149
255 152
255 153
255 155
255 178
255 182
255 204
255 225
255 227
255 231
255 259
255 260
255 276
255 277
255 284
256 14
256 19
256 23
256 25
256 43
256 44
256 69
256 71
256 76
256 83
256 84
256 88
256 101
256 116
256 139
256 140
256 154
256 159
256 162
256 171
256 173
256 182
256 185
256 196
256 199
256 236
256 241
256 246
256 268
256 272
256 273
257 1
257 5
257 23
257 25
257 26
257 38
257 41
257 42
257 59
257 62
257 63
257 64
257 72
257 112
257 132
257 135
257 136
257 149
257 166
257 178
257 181
257 188
257 212
257 229
257 234
257 239
257 247
257 249
257 254
257 256
257 257
257 263
257 268
257 277
258 18
258 23
258 27
258 34
258 36
258 73
258 86
258 88
258 98
258 105
258 122
258 126
258 128
258 131
258 156
258 163
258 176
258 178
258 186
258 195
258 197
258 203
258 231
258 242
258 244
258 246
258 252
259 6
259 31
259 62
259 78
259 110
259 146
259 159
259 163
259 183
259 192
259 201
259 205
259 223
259 230
259 235
259 255
259 257
259 263
259 280
259 284
260 3
260 6
260 13
260 19
260 23
260 28
260 30
260 35
260 46
260 50
260 54
260 64
260 79
260 82
260 113
260 115
260 118
260 123
260 138
260 143
260 148
260 171
260 175
260 180
260 183
260 196
260 199
260 206
260 218
260 227
260 232
260 254
260 256
260 273
260 283
261 13
261 14
261 17
261 28
261 33
261 42
261 55
261 57
261 58
261 62
261 67
261 69
261 71
261 102
261 103
261 127
261 130
261 138
261 140
261 141
261 151
261 160
261 168
261 172
261 173
261 175
261 187
261 205
261 206
261 207
261 213
261 230
261 231
261 242
261 245
261 249
261 253
261 267
261 273
261 277
262 32
262 37
262 55
262 56
262 69
262 73
262 86
262 115
262 124
262 139
262 142
262 152
262 155
262 162
262 172
262 174
262 182
262 184
262 191
262 195
262 213
262 223
262 231
262 280
263 51
263 54
263 64
263 85
263 90
263 96
263 97
263 98
263 127
263 129
263 142
263 149
263 150
263 154
263 155
263 157
263 168
263 171
263 179
263 181
263 188
263 190
263 193
263 202
263 207
263 208
263 224
263 233
263 236
263 256
263 257
263 259
263 270
263 283
264 0
264 37
264 40
264 44
264 60
264 62
264 79
264 80
264 93
264 103
264 109
264 115
264 118
264 123
264 128
264 131
264 135
264 155
264 189
264 208
264 213
264 226
264 228
264 244
264 246
264 249
264 257
264 261
264 277
264 282
265 7
265 9
265 30
265 36
265 40
265 51
265 62
265 78
265 79
265 87
265 110
265 129
265 147
265 157
265 176
265 184
265 193
265 211
265 212
265 233
265 243
265 250
265 251
265 255
265 267
265 273
266 23
266 38
266 56
266 58
266 99
266 103
266 157
266 162
266 171
266 202
266 212
266 215
266 218
266 229
266 248
266 250
266 251
266 265
266 270
266 272
267 13
267 18
267 23
267 36
267 38
267 67
267 77
267 79
267 99
267 115
267 125
267 127
267 134
267 167
267 181
267 190
267 192
267 196
267 202
267 207
267 211
267 255
267 258
267 269
267 274
268 5
268 10
268 29
268 55
268 71
268 84
268 87
268 89
268 91
268 95
268 136
268 140
268 159
268 171
268 190
268 194
268 202
268 208
268 212
268 221
268 238
268 249
269 0
269 7
269 15
269 17
269 51
269 58
269 60
269 78
269 81
269 94
269 103
269 110
269 122
269 126
269 146
269 157
269 165
269 167
269 175
269 176
269 178
269 185
269 197
269 199
269 200
269 208
269 210
269 214
269 217
269 221
269 224
269 230
269 245
269 249
269 259
269 262
269 266
269 267
269 269
269 270
269 273
269 278
269 279
270 0
270 21
270 35
270 46
270 47
270 66
270 76
270 77
270 120
270 135
270 151
270 166
270 176
270 205
270 215
270 227
270 232
270 242
270 268
270 280
271 14
271 25
271 26
271 28
271 39
271 49
271 59
271 71
271 79
271 81
271 95
271 96
271 108
271 109
271 120
271 132
271 142
271 173
271 189
271 191
271 237
271 243
271 274
271 277
271 280
272 8
272 10
272 13
272 15
272 27
272 72
272 86
272 90
272 95
272 98
272 119
272 136
272 146
272 150
272 153
272 196
272 198
272 216
272 222
272 223
272 258
272 264
272 282
273 1
273 48
273 50
273 56
273 63
273 67
273 73
273 94
273 108
273 114
273 125
273 127
273 130
273 131
273 139
273 148
273 149
273 166
273 169
273 170
273 174
273 179
273 184
273 185
273 186
273 189
273 198
273 216
273 222
273 251
273 253
273 255
273 265
273 283
274 5
274 9
274 18
274 29
274 39
274 51
274 58
274 62
274 65
274 87
274 117
274 118
274 136
274 157
274 158
274 164
274 179
274 194
274 196
274 202
274 204
274 221
274 222
274 225
274 226
274 230
274 232
274 240
274 246
274 247
274 274
275 1
275 2
275 3
275 17
275 18
275 20
275 38
275 70
275 72
275 76
275 101
275 105
275 107
275 114
275 115
275 119
275 120
275 131
275 138
275 142
275 147
275 163
275 165
275 174
275 203
275 218
275 220
275 231
275 235
275 238
275 241
275 246
275 249
275 257
275 281
275 282
276 10
276 11
276 14
276 46
276 50
276 88
276 93
276 101
276 108
276 109
276 119
276 140
276 146
276 155
276 161
276 164
276 171
276 172
276 178
276 179
276 182
276 188
276 225
276 234
276 239
276 256
276 272
277 7
277 19
277 45
277 60
277 65
277 66
277 77
277 79
277 90
277 104
277 105
277 123
277 124
277 127
277 133
277 134
277 141
277 145
277 159
277 169
277 170
277 195
277 199
277 224
277 227
277 234
277 246
277 255
277 273
277 283
278 4
278 37
278 41
278 43
278 56
278 62
278 67
278 77
278 80
278 88
278 107
278 120
278 136
278 147
278 149
278 150
278 154
278 160
278 161
278 164
278 165
278 207
278 213
278 223
278 224
278 226
278 238
278 239
278 247
278 264
278 275
278 282
278 284
279 10
279 14
279 24
279 33
279 35
279 38
279 46
279 56
279 72
279 78
279 91
279 105
279 110
279 114
279 130
279 135
279 143
279 147
279 148
279 154
279 159
279 162
279 167
279 171
279 184
279 189
279 196
279 211
279 214
279 223
279 229
279 239
279 242
279 246
279 257
279 276
279 284
280 29
280 46
280 51
280 56
280 64
280 68
280 69
280 83
280 107
280 110
280 112
280 116
280 125
280 127
280 142
280 145
280 161
280 171
280 186
280 237
280 247
280 250
281 12
281 19
281 34
281 45
281 52
281 56
281 75
281 91
281 99
281 150
281 160
281 162
281 166
281 180
281 193
281 200
281 204
281 213
281 219
281 222
281 249
281 255
281 270
281 276
281 280
282 17
282 23
282 26
282 41
282 47
282 53
282 61
282 77
282 100
282 102
282 108
282 109
282 118
282 131
282 134
282 149
282 152
282 156
282 199
282 200
282 207
282 219
282 223
282 225
282 235
282 241
282 244
282 261
282 271
282 273
282 276
282 280
282 281
283 1
283 3
283 8
283 11
283 17
283 37
283 38
283 52
283 71
283 100
283 117
283 124
283 142
283 144
283 179
283 180
283 183
283 186
283 188
283 193
283 200
283 203
283 211
283 212
283 233
283 240
283 267
283 272
284 8
284 11
284 13
284 19
284 22
284 44
284 45
284 47
284 51
284 87
284 164
284 180
284 184
284 193
284 194
284 202
284 241
284 247
284 248
284 271
285 18
285 24
285 39
285 56
285 57
285 70
285 71
285 72
285 93
285 120
285 121
285 135
285 143
285 148
285 152
285 164
285 168
285 184
285 192
285 220
285 226
285 237
285 251
285 261
285 271
285 276
286 0
286 20
286 36
286 46
286 48
286 57
286 63
286 92
286 93
286 97
286 103
286 118
286 125
286 130
286 145
286 152
286 177
286 182
286 218
286 227
286 231
286 240
286 249
286 257
286 259
286 276
286 280
287 1
287 9
287 11
287 23
287 24
287 26
287 35
287 37
287 43
287 62
287 69
287 82
287 127
287 128
287 135
287 143
287 159
287 168
287 174
287 187
287 197
287 198
287 205
287 212
287 245
287 261
287 278
288 9
288 11
288 15
288 35
288 43
288 47
288 48
288 59
288 61
288 78
288 79
288 87
288 92
288 111
288 114
288 116
288 124
288 143
288 149
288 154
288 162
288 177
288 183
288 189
288 191
288 195
288 196
288 198
288 199
288 202
288 206
288 220
288 225
288 247
288 257
288 264
288 283
289 3
289 7
289 23
289 33
289 34
289 52
289 59
289 60
289 70
289 82
289 84
289 87
289 98
289 102
289 121
289 132
289 157
289 161
289 173
289 181
289 188
289 193
289 195
289 196
289 197
289 224
289 234
289 238
289 248
289 252
289 256
289 269
289 272
289 282
289 283
290 7
290 28
290 46
290 47
290 49
290 50
290 59
290 103
290 105
290 108
290 111
290 113
290 154
290 165
290 182
290 197
290 218
290 220
290 223
290 242
290 248
290 252
290 255
290 282
291 10
291 11
291 20
291 24
291 27
291 45
291 56
291 59
291 67
291 71
291 90
291 95
291 99
291 109
291 110
291 120
291 130
291 133
291 136
291 145
291 153
291 157
291 171
291 179
291 183
291 200
291 213
291 218
291 222
291 243
291 259
291 262
291 264
291 265
292 2
292 4
292 5
292 6
292 22
292 33
292 38
292 39
292 50
292 54
292 71
292 78
292 83
292 84
292 87
292 95
292 122
292 138
292 151
292 159
292 171
292 172
292 180
292 186
292 199
292 212
292 237
292 248
292 276
292 278
293 11
293 21
293 25
293 52
293 97
293 118
293 155
293 156
293 175
293 196
293 199
293 209
293 248
293 282
294 28
294 57
294 61
294 66
294 76
294 84
294 113
294 117
294 119
294 140
294 164
294 172
294 184
294 193
294 204
294 253
294 255
294 258
294 260
294 266
294 270
294 271
294 272
295 16
295 19
295 39
295 58
295 71
295 81
295 83
295 92
295 107
295 127
295 136
295 140
295 158
295 161
295 171
295 174
295 196
295 198
295 212
295 219
295 233
295 239
295 246
295 254
295 267
295 269
295 278
296 7
296 33
296 35
296 38
296 44
296 56
296 64
296 66
296 75
296 86
296 87
296 90
296 96
296 102
296 106
296 114
296 135
296 137
296 142
296 152
296 168
296 172
296 177
296 181
296 198
296 200
296 243
296 257
296 258
296 263
296 271
297 2
297 8
297 22
297 23
297 24
297 31
297 49
297 50
297 57
297 64
297 68
297 75
297 108
297 110
297 111
297 123
297 135
297 136
297 141
297 145
297 147
297 157
297 174
297 181
297 183
297 191
297 203
297 214
297 221
297 227
297 234
297 239
297 256
297 263
297 281
298 26
298 40
298 41
298 97
298 101
298 106
298 107
298 120
298 126
298 137
298 147
298 165
298 174
298 183
298 188
298 196
298 216
298 235
298 251
298 252
298 257
298 276
299 6
299 31
299 33
299 36
299 95
299 117
299 122
299 126
299 184
299 198
299 204
299 205
299 208
299 210
299 217
299 224
299 229
299 234
299 236
299 246
299 250
299 274
299 283
