185 200 3645 25405
30 128 237 326 322 58 355 55 507 296 48 44 189 29 368 226 247 305 519 188 356 344 411 431 285 434 474 276 92 452 146 119 492 431 85 460 240 103 30 226 516 513 146 320 355 49 487 106 383 420 417 327 504 452 229 87 24 202 264 309 77 39 415 88 247 51 292 389 48 403 351 454 222 143 445 33 490 120 407 326 356 261 322 447 383 336 510 169 334 518 457 517 110 158 426 415 171 333 296 175 157 207 128 254 37 46 59 117 265 288 459 173 76 273 501 233 510 216 471 506 407 476 37 509 133 376 57 239 213 508 180 233 95 408 180 266 438 161 47 468 282 236 269 448 127 372 160 234 125 450 221 32 404 456 41 58 203 493 383 416 194 189 185 235 412 124 116 427 474 105 518 32 56 82 361 48 368 166 358 151 496 218 77 296 62 
191 305 121 164 141 163 17 74 18 260 76 179 152 229 66 103 222 192 54 56 142 157 54 149 124 152 189 314 30 67 241 224 77 320 104 243 120 259 200 311 153 26 42 307 87 129 211 241 99 152 16 217 250 220 317 118 142 235 28 68 305 299 204 280 206 179 299 125 150 287 135 39 213 97 271 40 171 236 34 41 299 229 87 280 73 206 28 152 179 237 256 276 182 295 68 55 48 307 139 264 102 285 325 276 158 15 152 268 291 183 31 273 206 191 247 260 155 228 294 327 97 291 27 170 313 123 67 62 184 57 69 185 229 172 238 182 123 183 231 66 278 178 117 227 319 21 96 157 242 11 257 176 306 77 93 250 250 131 42 218 66 42 184 117 12 46 292 229 74 201 110 125 28 15 115 154 297 212 197 56 165 101 300 245 328 210 191 139 252 175 220 195 231 20 202 325 57 256 272 47 
0 10
0 41
0 43
0 58
0 61
0 66
0 76
0 94
0 98
0 99
0 105
0 114
0 121
0 151
0 155
0 165
0 178
0 182
0 185
0 199
1 0
1 39
1 44
1 47
1 53
1 67
1 78
1 99
1 119
1 130
1 145
1 149
1 160
1 186
1 190
1 195
1 197
2 6
2 15
2 21
2 31
2 34
2 47
2 52
2 55
2 57
2 113
2 122
2 124
2 133
2 140
2 146
2 154
2 176
2 178
2 183
3 6
3 11
3 18
3 20
3 24
3 31
3 36
3 54
3 65
3 75
3 77
3 81
3 90
3 95
3 111
3 116
3 123
3 135
3 156
3 158
3 163
3 169
3 174
3 186
3 189
3 193
4 19
4 26
4 32
4 34
4 43
4 47
4 56
4 58
4 60
4 82
4 83
4 91
4 108
4 119
4 127
4 137
4 161
4 167
4 180
4 181
4 187
4 198
5 7
5 12
5 18
5 22
5 27
5 36
5 45
5 47
5 74
5 77
5 93
5 99
5 100
5 102
5 112
5 122
5 136
5 172
5 179
5 180
5 190
6 13
6 20
6 30
6 35
6 47
6 88
6 123
6 182
7 7
7 12
7 18
7 24
7 34
7 46
7 59
7 72
7 92
7 93
7 101
7 105
7 106
7 107
7 115
7 130
7 135
7 147
7 171
7 176
7 184
7 186
7 192
7 193
8 2
8 11
8 24
8 35
8 45
8 64
8 76
8 86
8 98
8 103
8 134
8 162
8 172
8 181
8 186
8 187
8 189
8 197
8 199
9 13
9 31
9 32
9 37
9 48
9 73
9 85
9 90
9 95
9 100
9 116
9 153
9 158
9 173
9 184
9 186
9 195
10 9
10 26
10 28
10 29
10 30
10 34
10 36
10 40
10 43
10 45
10 48
10 52
10 72
10 75
10 112
10 131
10 141
10 145
10 147
10 151
10 155
10 157
10 164
10 167
10 171
10 173
10 174
10 182
10 189
11 3
11 5
11 34
11 80
11 83
11 112
11 134
11 142
11 146
11 163
11 176
11 184
11 189
12 5
12 12
12 16
12 19
12 33
12 42
12 65
12 109
12 113
12 123
12 138
12 139
12 187
12 191
12 192
13 39
13 58
13 64
13 95
13 97
13 113
13 119
13 134
13 146
13 185
13 196
13 199
14 22
14 66
14 99
14 123
14 125
14 128
14 143
14 185
15 2
15 3
15 39
15 40
15 71
15 77
15 95
15 105
15 109
15 116
15 119
15 126
15 132
15 137
15 141
15 150
15 154
15 158
15 161
15 163
15 164
15 175
15 183
15 195
16 2
16 5
16 27
16 40
16 57
16 60
16 72
16 89
16 91
16 112
16 117
16 125
16 129
16 130
16 133
16 143
16 153
16 160
16 179
16 181
16 193
16 198
16 199
17 20
17 49
17 67
17 85
17 90
17 102
17 104
17 111
17 149
17 152
17 159
17 166
17 168
17 172
17 173
17 177
17 178
17 194
17 199
18 9
18 44
18 57
18 64
18 75
18 80
18 87
18 96
18 111
18 112
18 145
18 162
18 173
18 176
18 179
18 181
18 190
19 7
19 21
19 30
19 33
19 60
19 62
19 68
19 82
19 89
19 94
19 95
19 110
19 111
19 120
19 151
19 165
19 187
19 191
19 199
20 8
20 16
20 17
20 22
20 25
20 35
20 37
20 59
20 63
20 66
20 69
20 90
20 93
20 150
20 168
20 178
20 182
20 189
20 194
21 6
21 16
21 41
21 51
21 56
21 65
21 70
21 73
21 80
21 82
21 90
21 99
21 100
21 123
21 127
21 132
21 141
21 148
21 160
21 185
22 6
22 17
22 27
22 52
22 65
22 70
22 71
22 73
22 98
22 101
22 102
22 144
22 161
23 13
23 40
23 59
23 71
23 72
23 91
23 103
23 106
23 122
23 126
23 130
23 138
23 145
24 2
24 4
24 6
24 33
24 35
24 55
24 64
24 68
24 72
24 74
24 78
24 79
24 81
24 108
24 130
24 133
24 142
24 150
24 167
24 171
25 10
25 15
25 19
25 21
25 28
25 37
25 38
25 41
25 60
25 84
25 86
25 97
25 104
25 120
25 133
25 142
25 160
25 167
25 170
25 176
25 198
25 199
26 0
26 16
26 30
26 35
26 45
26 47
26 59
26 64
26 66
26 100
26 108
26 110
26 121
26 123
26 137
26 157
26 160
26 168
26 172
26 174
26 179
26 182
26 193
27 21
27 25
27 35
27 45
27 52
27 54
27 61
27 67
27 82
27 86
27 93
27 103
27 110
27 115
27 116
27 118
27 120
27 122
27 148
27 149
27 168
27 179
27 189
27 199
28 1
28 36
28 57
28 59
28 67
28 81
28 82
28 90
28 94
28 99
28 107
28 124
28 131
28 154
28 165
28 173
28 174
28 177
28 187
28 197
28 198
29 3
29 19
29 20
29 61
29 64
29 66
29 80
29 95
29 113
29 114
29 115
29 116
29 119
29 121
29 143
29 148
29 154
29 155
29 159
29 175
29 180
29 194
30 30
30 33
30 42
30 50
30 67
30 75
30 76
30 88
30 90
30 103
30 118
30 122
30 124
30 163
30 182
30 185
30 190
31 21
31 37
31 45
31 50
31 60
31 67
31 77
31 80
31 92
31 101
31 105
31 117
31 131
31 140
31 145
31 148
31 152
31 198
32 5
32 12
32 26
32 39
32 53
32 58
32 59
32 71
32 72
32 92
32 102
32 108
32 112
32 136
32 151
32 156
32 158
32 166
32 178
33 33
33 39
33 42
33 60
33 69
33 71
33 74
33 80
33 95
33 99
33 104
33 108
33 115
33 155
33 157
33 159
33 163
33 164
33 166
33 168
33 183
33 196
34 12
34 48
34 62
34 79
34 92
34 101
34 110
34 113
34 122
34 127
34 130
34 134
34 140
34 144
34 146
34 154
34 176
34 185
35 7
35 9
35 14
35 18
35 22
35 30
35 49
35 51
35 58
35 66
35 71
35 75
35 77
35 84
35 91
35 114
35 126
35 134
35 142
35 154
35 158
35 168
35 169
35 173
35 179
35 182
36 1
36 6
36 8
36 19
36 24
36 27
36 38
36 57
36 63
36 91
36 107
36 109
36 116
36 119
36 127
36 139
36 147
36 171
36 174
36 186
36 187
36 188
36 192
36 194
37 0
37 1
37 7
37 13
37 15
37 63
37 72
37 73
37 84
37 100
37 109
37 128
37 132
37 152
37 153
37 155
37 167
37 182
37 186
37 188
37 190
38 7
38 35
38 36
38 50
38 67
38 68
38 91
38 103
38 113
38 116
38 124
38 135
38 144
38 151
38 152
38 153
38 167
38 169
38 186
38 187
38 197
38 198
39 22
39 25
39 31
39 53
39 68
39 92
39 100
39 109
39 111
39 120
39 147
39 184
39 186
39 189
40 19
40 28
40 47
40 55
40 69
40 71
40 79
40 81
40 97
40 107
40 118
40 123
40 126
40 157
40 167
40 172
40 173
40 184
40 190
40 198
41 3
41 11
41 19
41 28
41 35
41 38
41 44
41 46
41 57
41 58
41 76
41 85
41 101
41 114
41 126
41 134
41 140
41 151
41 154
41 164
41 178
41 182
41 186
41 188
42 14
42 17
42 39
42 43
42 57
42 60
42 63
42 71
42 84
42 85
42 90
42 97
42 98
42 110
42 138
42 139
42 140
42 150
42 151
42 152
42 153
42 165
42 166
42 176
42 199
43 1
43 17
43 18
43 59
43 77
43 93
43 130
43 178
43 192
43 198
43 199
44 6
44 14
44 17
44 23
44 28
44 29
44 34
44 56
44 76
44 80
44 87
44 117
44 132
44 143
44 151
44 162
44 163
44 164
44 169
44 172
44 173
44 185
44 192
45 5
45 7
45 11
45 17
45 18
45 44
45 53
45 55
45 60
45 63
45 66
45 68
45 72
45 85
45 88
45 100
45 101
45 109
45 112
45 118
45 124
45 127
45 148
45 150
45 151
45 168
45 182
45 194
46 35
46 43
46 46
46 56
46 64
46 67
46 73
46 117
46 123
46 150
46 153
46 157
46 158
46 164
46 172
47 27
47 44
47 52
47 65
47 77
47 88
47 94
47 100
47 113
47 130
47 142
47 149
47 152
47 165
47 168
47 171
47 189
47 191
47 193
47 197
48 1
48 3
48 25
48 26
48 43
48 56
48 65
48 69
48 96
48 102
48 120
48 128
48 146
48 151
48 158
48 171
48 172
49 6
49 17
49 18
49 22
49 28
49 40
49 62
49 68
49 70
49 78
49 80
49 91
49 102
49 148
49 149
49 162
49 180
50 8
50 27
50 32
50 33
50 35
50 51
50 54
50 55
50 64
50 67
50 109
50 139
50 161
50 175
50 192
50 196
51 1
51 4
51 10
51 37
51 42
51 64
51 85
51 86
51 100
51 104
51 114
51 126
51 133
51 134
51 147
51 152
51 157
51 170
51 173
51 186
51 191
52 6
52 12
52 26
52 31
52 33
52 39
52 40
52 45
52 48
52 52
52 59
52 60
52 81
52 88
52 132
52 140
52 144
52 154
52 173
52 176
52 181
52 185
53 5
53 9
53 20
53 34
53 44
53 52
53 53
53 58
53 67
53 71
53 74
53 88
53 89
53 111
53 114
53 139
53 146
53 154
53 156
53 158
53 160
53 173
53 179
53 195
53 197
54 0
54 10
54 20
54 25
54 30
54 32
54 50
54 51
54 62
54 73
54 75
54 76
54 79
54 87
54 92
54 102
54 121
54 136
54 144
54 147
54 148
54 150
54 166
54 169
54 174
54 179
54 186
54 192
55 1
55 26
55 31
55 38
55 50
55 62
55 66
55 84
55 85
55 90
55 100
55 124
55 135
55 143
55 147
55 164
55 165
55 175
55 183
55 193
55 194
55 195
55 197
56 43
56 52
56 66
56 69
56 77
56 83
56 99
56 103
56 106
56 109
56 111
56 113
56 118
56 123
56 153
56 156
56 159
56 179
56 181
56 189
56 199
57 15
57 58
57 66
57 75
57 80
57 94
57 96
57 105
57 126
57 130
57 133
57 134
57 157
57 164
57 170
57 180
57 181
57 189
58 9
58 15
58 42
58 48
58 54
58 56
58 58
58 69
58 72
58 85
58 92
58 94
58 99
58 102
58 109
58 117
58 118
58 137
58 138
58 140
58 145
58 151
58 152
58 163
58 170
58 190
58 197
59 27
59 30
59 32
59 40
59 56
59 59
59 74
59 80
59 81
59 95
59 101
59 115
59 121
59 139
59 152
59 176
59 180
59 182
59 193
59 197
60 9
60 10
60 26
60 30
60 31
60 33
60 48
60 49
60 52
60 62
60 71
60 76
60 88
60 94
60 101
60 103
60 113
60 120
60 164
60 189
60 195
61 25
61 31
61 50
61 62
61 84
61 85
61 87
61 108
61 112
61 120
61 125
61 141
61 151
61 158
61 160
61 165
61 176
61 181
62 0
62 13
62 31
62 33
62 46
62 56
62 58
62 99
62 112
62 123
62 126
62 130
62 134
62 175
62 185
62 187
62 189
62 193
63 4
63 5
63 6
63 8
63 26
63 35
63 48
63 85
63 89
63 101
63 114
63 118
63 125
63 132
63 134
63 142
63 143
63 154
63 163
63 165
63 177
63 179
63 186
64 6
64 18
64 27
64 35
64 40
64 42
64 59
64 69
64 79
64 81
64 86
64 97
64 100
64 108
64 110
64 134
64 138
64 145
64 147
64 165
64 172
64 178
64 179
64 185
64 188
64 195
65 14
65 19
65 31
65 38
65 109
65 154
65 162
66 5
66 18
66 28
66 38
66 42
66 46
66 57
66 73
66 74
66 87
66 90
66 96
66 99
66 104
66 108
66 111
66 114
66 126
66 145
66 148
66 154
66 155
66 160
66 167
66 180
66 184
66 191
66 196
67 25
67 29
67 30
67 33
67 41
67 47
67 61
67 70
67 73
67 79
67 80
67 81
67 86
67 91
67 96
67 117
67 157
67 172
67 173
67 182
67 196
68 16
68 23
68 26
68 27
68 35
68 40
68 66
68 72
68 73
68 78
68 83
68 85
68 99
68 112
68 133
68 134
68 148
68 149
68 158
68 171
68 172
68 178
68 179
68 183
68 186
68 187
69 14
69 19
69 33
69 34
69 35
69 46
69 47
69 61
69 70
69 78
69 95
69 126
69 133
69 146
69 148
69 150
69 151
69 152
69 185
69 195
70 14
70 15
70 16
70 18
70 23
70 31
70 44
70 45
70 49
70 57
70 60
70 64
70 73
70 98
70 108
70 118
70 129
70 132
70 165
70 185
70 189
70 191
71 30
71 35
71 36
71 50
71 51
71 53
71 69
71 80
71 122
71 133
71 142
71 145
71 160
71 163
71 180
71 184
71 185
72 2
72 14
72 19
72 21
72 69
72 70
72 73
72 80
72 82
72 91
72 108
72 116
72 124
72 136
72 146
72 150
72 159
72 166
72 167
72 170
72 180
72 190
73 3
73 16
73 22
73 32
73 43
73 72
73 73
73 77
73 98
73 109
73 123
73 132
73 158
73 172
73 190
74 3
74 9
74 10
74 11
74 15
74 36
74 38
74 43
74 47
74 48
74 70
74 73
74 95
74 101
74 109
74 120
74 124
74 139
74 155
74 178
74 181
74 190
75 6
75 11
75 18
75 20
75 21
75 32
75 37
75 56
75 64
75 66
75 67
75 70
75 77
75 102
75 147
75 155
75 169
75 179
75 184
75 190
75 192
75 197
76 20
76 26
76 56
76 63
76 65
76 122
76 132
76 149
76 155
76 160
76 175
76 189
77 1
77 3
77 42
77 50
77 52
77 70
77 90
77 99
77 129
77 157
77 189
77 197
78 4
78 7
78 10
78 23
78 28
78 30
78 62
78 63
78 72
78 75
78 82
78 86
78 96
78 106
78 112
78 125
78 137
78 143
78 156
78 158
78 169
78 187
78 197
79 11
79 14
79 20
79 35
79 43
79 53
79 95
79 152
79 153
79 169
79 176
79 193
80 9
80 18
80 25
80 26
80 28
80 36
80 43
80 68
80 69
80 81
80 92
80 93
80 134
80 143
80 148
80 154
80 174
81 0
81 4
81 5
81 14
81 18
81 21
81 26
81 27
81 31
81 68
81 69
81 80
81 81
81 92
81 104
81 109
81 116
81 118
81 119
81 123
81 141
81 145
81 146
81 151
81 153
81 158
81 168
81 194
81 195
82 2
82 4
82 17
82 21
82 26
82 41
82 55
82 70
82 81
82 83
82 84
82 89
82 94
82 110
82 124
82 127
82 133
82 134
82 162
82 165
82 175
82 180
82 187
83 8
83 11
83 29
83 42
83 49
83 52
83 53
83 63
83 67
83 71
83 82
83 103
83 143
83 145
83 154
83 155
83 159
83 167
83 174
83 193
84 0
84 26
84 28
84 40
84 43
84 58
84 59
84 63
84 74
84 78
84 97
84 103
84 104
84 115
84 117
84 135
84 136
84 137
84 144
84 148
84 154
84 156
84 159
84 165
84 177
84 184
84 199
85 1
85 17
85 43
85 47
85 73
85 75
85 93
85 94
85 101
85 103
85 112
85 113
85 115
85 119
85 136
85 170
85 186
86 18
86 36
86 54
86 65
86 66
86 77
86 101
86 112
86 127
86 134
86 143
86 160
86 161
86 166
86 168
86 173
87 3
87 15
87 24
87 26
87 29
87 30
87 78
87 81
87 89
87 94
87 96
87 106
87 116
87 126
87 128
87 139
87 141
87 143
87 155
87 158
87 176
87 191
88 0
88 9
88 28
88 30
88 33
88 69
88 70
88 84
88 101
88 113
88 116
88 131
88 154
88 179
88 181
88 186
88 188
88 189
89 8
89 21
89 31
89 36
89 53
89 59
89 61
89 78
89 81
89 82
89 111
89 115
89 125
89 138
89 139
89 153
89 159
89 169
89 170
89 171
89 176
89 177
89 181
89 194
89 196
89 198
90 17
90 41
90 71
90 95
90 107
90 120
90 121
90 128
90 141
90 146
90 158
90 185
90 193
91 27
91 31
91 32
91 49
91 59
91 77
91 93
91 97
91 101
91 104
91 112
91 118
91 129
91 150
91 157
91 168
91 171
91 173
91 176
91 185
91 194
92 8
92 14
92 39
92 45
92 47
92 71
92 91
92 93
92 106
92 151
92 159
92 161
92 162
92 164
92 167
92 185
92 190
92 192
92 197
93 2
93 42
93 46
93 83
93 96
93 139
93 148
93 150
93 151
93 157
93 158
93 161
93 171
93 183
94 6
94 7
94 15
94 20
94 72
94 76
94 89
94 101
94 102
94 103
94 121
94 139
94 154
94 160
94 168
94 170
94 179
94 181
94 190
94 194
95 20
95 27
95 58
95 64
95 72
95 76
95 127
95 131
95 136
95 145
95 148
95 154
95 167
95 172
95 181
95 191
95 194
95 197
96 11
96 17
96 52
96 57
96 69
96 82
96 89
96 97
96 100
96 126
96 131
96 137
96 138
96 142
96 166
96 172
96 173
96 181
96 197
97 10
97 17
97 39
97 84
97 100
97 152
97 156
97 184
97 189
97 190
98 3
98 5
98 9
98 11
98 17
98 59
98 72
98 81
98 84
98 88
98 97
98 118
98 128
98 133
98 137
98 138
98 151
98 159
98 172
98 174
98 179
98 195
99 9
99 13
99 18
99 49
99 55
99 64
99 67
99 78
99 79
99 85
99 91
99 92
99 141
99 151
99 172
100 28
100 32
100 43
100 73
100 76
100 78
100 87
100 107
100 113
100 114
100 130
100 141
100 159
100 160
100 186
100 188
100 189
100 197
101 15
101 33
101 42
101 69
101 73
101 76
101 89
101 92
101 105
101 107
101 110
101 114
101 123
101 126
101 127
101 153
101 161
101 175
101 178
101 179
101 195
102 8
102 16
102 31
102 53
102 68
102 85
102 89
102 103
102 107
102 115
102 120
102 137
102 138
102 139
102 144
102 149
102 158
102 160
102 161
102 175
102 181
102 188
102 192
103 6
103 7
103 8
103 31
103 46
103 48
103 53
103 58
103 71
103 76
103 80
103 115
103 119
103 122
103 126
103 140
103 152
103 155
103 161
103 168
103 184
103 189
104 1
104 4
104 29
104 40
104 51
104 52
104 54
104 67
104 72
104 82
104 85
104 87
104 101
104 150
104 152
104 156
105 5
105 14
105 23
105 39
105 43
105 46
105 56
105 61
105 66
105 71
105 74
105 75
105 76
105 77
105 88
105 89
105 115
105 120
105 124
105 126
105 127
105 130
105 153
105 167
105 168
105 176
105 189
105 199
106 12
106 22
106 27
106 44
106 48
106 68
106 76
106 78
106 83
106 108
106 116
106 128
106 131
106 132
106 133
106 134
106 137
106 142
106 162
106 166
106 184
106 187
107 7
107 15
107 16
107 26
107 33
107 67
107 73
107 77
107 83
107 94
107 102
107 103
107 142
107 153
107 166
107 181
107 182
107 191
107 197
108 10
108 35
108 40
108 45
108 61
108 66
108 89
108 100
108 102
108 112
108 127
108 128
108 157
108 165
108 177
108 180
108 188
108 195
108 197
109 2
109 12
109 32
109 38
109 43
109 50
109 68
109 85
109 99
109 102
109 117
109 119
109 140
109 155
109 166
109 168
109 181
109 189
110 1
110 23
110 32
110 42
110 43
110 45
110 64
110 67
110 72
110 87
110 92
110 97
110 110
110 125
110 148
110 155
110 159
110 160
110 169
110 173
110 183
110 186
111 16
111 33
111 36
111 37
111 57
111 63
111 72
111 86
111 89
111 103
111 111
111 117
111 128
111 132
111 145
111 150
111 162
111 166
111 175
111 181
111 182
111 185
112 16
112 30
112 40
112 41
112 74
112 84
112 134
112 149
112 151
112 156
112 157
112 164
112 166
112 168
112 181
113 9
113 25
113 31
113 33
113 40
113 59
113 73
113 97
113 102
113 114
113 168
113 173
113 179
113 183
113 186
113 189
114 2
114 13
114 37
114 45
114 49
114 50
114 54
114 56
114 64
114 77
114 80
114 96
114 106
114 116
114 118
114 134
114 136
114 144
114 162
114 169
114 179
114 183
115 13
115 15
115 46
115 55
115 57
115 59
115 68
115 71
115 82
115 84
115 94
115 106
115 118
115 122
115 126
115 141
115 151
115 153
115 158
115 179
115 182
116 5
116 6
116 25
116 27
116 29
116 50
116 64
116 87
116 93
116 105
116 142
116 151
116 157
116 168
116 184
117 4
117 12
117 18
117 26
117 31
117 32
117 39
117 43
117 72
117 87
117 88
117 90
117 95
117 105
117 114
117 131
117 133
117 137
117 138
117 158
117 172
117 173
118 1
118 6
118 17
118 61
118 63
118 93
118 96
118 99
118 100
118 107
118 120
118 126
118 132
118 144
118 146
118 151
118 156
118 165
118 169
118 181
118 184
118 188
118 189
118 197
119 15
119 16
119 40
119 44
119 51
119 59
119 61
119 64
119 66
119 68
119 79
119 87
119 92
119 113
119 120
119 125
119 128
119 136
119 147
119 157
119 167
119 174
119 175
119 182
119 186
120 18
120 27
120 43
120 45
120 49
120 60
120 83
120 119
120 128
120 151
120 154
120 198
121 30
121 31
121 32
121 46
121 49
121 55
121 59
121 77
121 99
121 112
121 122
121 185
122 17
122 38
122 42
122 59
122 79
122 80
122 83
122 87
122 93
122 100
122 107
122 111
122 121
122 127
122 133
122 141
122 142
122 159
122 190
122 198
123 6
123 7
123 9
123 26
123 27
123 28
123 41
123 50
123 63
123 70
123 86
123 90
123 91
123 121
123 138
123 139
123 141
123 162
123 191
123 194
123 195
123 196
124 7
124 12
124 16
124 29
124 35
124 40
124 68
124 125
124 161
124 167
124 189
125 4
125 6
125 18
125 38
125 42
125 47
125 48
125 67
125 70
125 82
125 90
125 97
125 99
125 118
125 119
125 121
125 128
125 129
125 134
125 136
125 166
125 168
125 169
125 180
125 190
125 192
125 194
126 8
126 9
126 29
126 34
126 61
126 85
126 127
126 132
126 135
126 156
126 167
126 168
126 179
126 199
127 0
127 12
127 16
127 21
127 23
127 39
127 41
127 90
127 91
127 94
127 99
127 102
127 107
127 120
127 122
127 125
127 140
127 147
127 156
127 172
127 179
127 185
127 197
128 18
128 51
128 86
128 87
128 99
128 107
128 129
128 134
128 137
128 150
128 154
128 167
128 175
128 177
128 180
128 193
129 1
129 2
129 9
129 44
129 48
129 51
129 55
129 65
129 69
129 74
129 78
129 93
129 103
129 125
129 129
129 144
129 150
129 154
129 170
130 21
130 23
130 69
130 82
130 86
130 95
130 110
130 112
130 119
130 125
130 149
130 159
130 167
130 185
130 189
131 4
131 30
131 40
131 41
131 53
131 56
131 63
131 76
131 86
131 88
131 91
131 97
131 106
131 121
131 132
131 143
131 159
131 166
131 180
131 184
131 185
131 187
131 188
131 199
132 11
132 29
132 33
132 41
132 42
132 56
132 80
132 88
132 103
132 104
132 105
132 127
132 133
132 140
132 145
132 147
132 163
132 168
132 177
132 181
132 189
133 20
133 31
133 41
133 42
133 47
133 50
133 63
133 78
133 82
133 105
133 122
133 124
133 140
133 152
133 155
133 175
133 181
133 182
133 185
133 194
134 12
134 15
134 21
134 23
134 45
134 53
134 62
134 65
134 84
134 119
134 138
134 156
134 167
134 171
134 178
134 184
135 0
135 22
135 30
135 37
135 39
135 49
135 60
135 62
135 63
135 65
135 75
135 89
135 109
135 113
135 123
135 135
135 140
135 147
135 158
135 161
135 172
135 175
135 185
135 191
135 195
136 9
136 14
136 28
136 38
136 41
136 45
136 57
136 76
136 81
136 97
136 113
136 141
136 153
136 155
136 160
136 180
136 181
136 189
136 191
136 192
136 196
137 8
137 18
137 26
137 32
137 33
137 42
137 68
137 86
137 108
137 110
137 122
137 123
137 135
137 149
137 150
137 156
137 169
137 174
137 181
138 9
138 18
138 20
138 63
138 68
138 111
138 116
138 131
138 161
138 165
138 169
138 176
138 191
138 196
139 19
139 26
139 29
139 41
139 53
139 65
139 77
139 79
139 82
139 107
139 109
139 150
139 154
139 158
140 9
140 36
140 38
140 48
140 74
140 77
140 80
140 84
140 129
140 140
140 143
140 145
140 160
140 173
140 185
140 191
141 8
141 26
141 37
141 42
141 43
141 63
141 67
141 88
141 107
141 113
141 122
141 127
141 159
141 162
141 169
141 175
141 185
141 198
142 1
142 7
142 9
142 19
142 20
142 38
142 67
142 73
142 114
142 130
142 141
142 143
142 158
142 170
142 173
142 181
142 182
142 194
142 196
142 197
143 1
143 3
143 11
143 12
143 19
143 22
143 31
143 37
143 66
143 80
143 81
143 91
143 95
143 103
143 108
143 110
143 123
143 150
143 159
143 164
143 166
143 167
143 188
143 194
143 195
144 13
144 28
144 38
144 45
144 53
144 58
144 75
144 78
144 87
144 128
144 132
144 141
144 146
144 158
144 164
144 170
144 171
144 180
144 192
145 16
145 28
145 33
145 47
145 55
145 71
145 90
145 95
145 96
145 100
145 122
145 164
145 171
145 191
145 193
146 0
146 20
146 31
146 40
146 43
146 47
146 66
146 68
146 70
146 88
146 94
146 134
146 139
146 147
146 150
146 167
146 179
146 183
146 184
147 6
147 15
147 22
147 23
147 49
147 54
147 59
147 78
147 118
147 119
147 125
147 127
147 187
147 198
148 22
148 32
148 44
148 46
148 66
148 82
148 84
148 99
148 104
148 107
148 112
148 113
148 124
148 125
148 134
148 152
148 158
148 165
148 166
148 167
148 170
148 176
148 177
148 181
148 186
148 194
148 197
148 198
149 6
149 8
149 20
149 23
149 29
149 32
149 35
149 45
149 51
149 65
149 67
149 73
149 74
149 75
149 82
149 85
149 118
149 128
149 133
149 150
149 159
149 172
149 187
150 5
150 6
150 35
150 37
150 55
150 64
150 85
150 93
150 111
150 123
150 139
150 149
150 153
150 154
150 156
150 170
150 171
150 190
150 191
150 192
150 199
151 2
151 10
151 11
151 13
151 18
151 21
151 32
151 51
151 52
151 64
151 70
151 77
151 85
151 101
151 102
151 110
151 112
151 133
151 160
151 173
151 176
151 178
151 187
151 195
151 199
152 2
152 4
152 7
152 8
152 15
152 22
152 34
152 46
152 54
152 56
152 60
152 64
152 72
152 104
152 109
152 116
152 117
152 119
152 137
152 145
152 149
152 151
152 163
152 165
152 175
152 178
152 182
153 7
153 20
153 24
153 31
153 47
153 55
153 82
153 85
153 95
153 102
153 103
153 111
153 112
153 117
153 129
153 144
153 149
153 163
153 166
153 174
153 195
154 1
154 10
154 11
154 13
154 17
154 37
154 47
154 59
154 69
154 84
154 97
154 101
154 108
154 130
154 135
154 139
154 145
154 155
154 168
154 188
154 191
155 0
155 17
155 34
155 35
155 39
155 61
155 66
155 67
155 70
155 81
155 87
155 108
155 132
155 135
155 143
155 152
155 170
155 178
155 187
155 197
156 1
156 5
156 50
156 51
156 60
156 65
156 72
156 82
156 85
156 113
156 118
156 151
156 162
156 167
156 177
156 184
157 0
157 13
157 14
157 16
157 26
157 33
157 38
157 47
157 52
157 63
157 70
157 81
157 90
157 103
157 113
157 140
157 147
157 154
157 157
157 161
157 179
157 181
157 186
158 34
158 46
158 62
158 72
158 79
158 96
158 104
158 108
158 132
158 136
158 140
158 166
158 174
158 179
158 198
159 2
159 8
159 14
159 19
159 20
159 24
159 33
159 39
159 55
159 56
159 59
159 73
159 78
159 80
159 81
159 87
159 88
159 93
159 96
159 100
159 102
159 109
159 119
159 120
159 129
159 140
159 143
159 145
159 147
159 152
159 154
159 161
159 162
159 163
159 188
160 3
160 18
160 24
160 29
160 38
160 46
160 75
160 83
160 94
160 95
160 105
160 115
160 125
160 143
160 148
160 150
160 154
160 164
160 171
160 189
160 194
161 8
161 11
161 16
161 21
161 27
161 30
161 40
161 41
161 44
161 69
161 74
161 78
161 87
161 105
161 115
161 136
161 157
161 163
161 190
162 26
162 27
162 44
162 56
162 66
162 69
162 73
162 79
162 92
162 94
162 126
162 133
162 140
162 150
162 153
162 157
162 160
162 165
162 168
162 184
162 193
163 5
163 20
163 87
163 111
163 112
163 121
163 130
163 133
163 175
164 15
164 21
164 23
164 67
164 70
164 73
164 126
164 142
164 145
164 158
164 169
164 180
164 184
164 186
165 10
165 22
165 29
165 52
165 54
165 55
165 76
165 79
165 87
165 88
165 190
165 198
166 11
166 34
166 39
166 40
166 65
166 79
166 85
166 89
166 90
166 99
166 102
166 103
166 106
166 115
166 126
166 190
166 197
167 5
167 8
167 10
167 81
167 82
167 91
167 104
167 118
167 139
167 149
167 153
167 155
167 157
167 162
167 165
167 175
168 1
168 2
168 23
168 25
168 26
168 48
168 50
168 51
168 54
168 63
168 68
168 84
168 86
168 89
168 103
168 105
168 112
168 123
168 136
168 141
168 150
168 153
168 178
168 194
169 13
169 36
169 61
169 83
169 90
169 93
169 99
169 102
169 106
169 111
169 128
169 137
169 157
169 169
169 172
170 0
170 19
170 25
170 31
170 36
170 50
170 57
170 67
170 68
170 87
170 88
170 114
170 119
170 125
170 126
170 127
170 130
170 145
170 152
170 161
170 182
170 191
170 192
170 197
171 11
171 23
171 24
171 31
171 41
171 55
171 58
171 70
171 86
171 105
171 110
171 117
171 129
171 133
171 141
171 144
171 161
171 171
171 174
171 181
171 184
172 2
172 13
172 17
172 34
172 41
172 49
172 75
172 93
172 104
172 115
172 117
172 118
172 130
172 142
172 160
172 174
172 175
173 17
173 19
173 30
173 39
173 40
173 42
173 44
173 49
173 50
173 51
173 55
173 64
173 65
173 69
173 79
173 87
173 90
173 93
173 97
173 99
173 103
173 115
173 124
173 130
173 131
173 141
173 143
173 147
173 152
173 156
173 171
173 174
173 181
173 182
173 198
174 10
174 28
174 38
174 43
174 49
174 59
174 67
174 77
174 82
174 94
174 118
174 135
174 142
174 149
174 152
174 161
174 169
174 171
174 199
175 34
175 35
175 62
175 75
175 76
175 79
175 80
175 88
175 94
175 104
175 109
175 131
175 150
175 160
175 175
175 178
175 188
175 192
176 4
176 13
176 17
176 24
176 28
176 34
176 73
176 78
176 95
176 107
176 116
176 139
176 140
176 150
176 153
176 156
176 167
176 171
176 176
176 184
176 198
177 11
177 24
177 33
177 45
177 56
177 73
177 76
177 79
177 93
177 95
177 100
177 108
177 113
177 122
177 160
177 162
177 166
177 170
177 186
178 9
178 11
178 15
178 20
178 28
178 31
178 35
178 42
178 58
178 63
178 89
178 109
178 135
178 137
178 140
178 163
178 165
178 177
178 180
178 192
179 4
179 8
179 21
179 36
179 54
179 73
179 79
179 84
179 86
179 96
179 102
179 116
179 123
179 149
179 169
179 173
179 174
179 184
179 188
180 3
180 19
180 20
180 25
180 40
180 58
180 59
180 60
180 71
180 79
180 104
180 105
180 107
180 108
180 114
180 121
180 164
180 169
180 171
180 175
180 185
181 0
181 12
181 20
181 42
181 60
181 93
181 101
181 123
181 125
181 132
181 137
181 138
181 150
181 157
181 165
181 189
182 8
182 12
182 13
182 24
182 29
182 38
182 83
182 96
182 106
182 110
182 144
182 148
182 153
182 154
182 163
182 164
182 169
182 177
182 180
182 182
183 22
183 40
183 42
183 57
183 60
183 68
183 75
183 82
183 84
183 90
183 120
183 123
183 126
183 135
183 138
183 141
183 145
183 160
183 167
184 1
184 11
184 13
184 21
184 26
184 29
184 37
184 39
184 45
184 97
184 101
184 103
184 105
184 119
184 126
184 137
184 140
184 145
184 148
184 160
184 163
184 173
184 183
184 187
184 193
184 194
184 197
184 199
