285 300 8542 38922
373 368 481 331 505 111 485 331 25 89 49 160 247 189 510 246 92 139 144 153 95 171 96 35 515 197 128 32 276 240 90 271 417 433 480 485 245 349 31 501 516 254 452 30 408 104 449 200 490 254 30 416 310 268 124 76 152 439 54 69 23 26 451 200 287 36 265 253 218 36 470 463 315 416 292 400 224 102 509 303 296 166 179 140 63 80 195 337 259 482 241 224 513 21 70 346 198 430 368 312 184 178 365 495 274 501 66 161 381 300 104 96 173 351 224 520 250 316 249 491 291 439 125 365 102 315 181 197 68 330 511 278 256 99 421 67 149 509 149 365 118 244 177 209 296 270 369 295 512 212 348 107 209 295 427 210 322 504 248 38 222 127 94 518 114 146 273 354 212 411 202 96 45 394 214 376 249 444 116 460 355 129 499 459 488 110 450 321 455 519 465 243 502 286 507 446 391 484 87 315 33 249 373 396 123 339 229 123 521 375 443 449 45 444 336 402 308 510 79 311 340 204 368 193 450 37 516 422 282 204 370 316 306 241 488 448 274 288 169 173 414 333 111 446 107 357 129 306 160 395 190 435 280 331 224 155 222 92 284 53 43 222 260 417 24 70 266 280 177 373 23 449 341 460 168 78 25 493 188 222 350 40 240 402 240 
186 61 69 197 52 138 188 161 150 240 247 48 20 241 196 326 75 147 328 189 290 22 215 296 31 280 284 102 324 117 93 206 273 227 320 260 255 214 151 311 142 226 152 45 91 122 238 299 267 123 18 296 178 97 323 196 97 112 172 222 96 250 208 218 131 259 122 243 116 324 40 239 252 17 155 225 206 102 323 25 70 300 101 295 294 224 93 230 129 66 120 284 137 310 112 286 31 18 243 254 19 317 296 75 237 300 42 89 197 188 90 257 308 276 139 312 136 233 235 312 126 256 296 164 19 193 96 292 64 227 75 89 126 269 291 211 46 219 122 185 316 59 136 113 234 210 318 135 211 77 93 83 176 215 213 20 327 187 50 170 277 87 148 196 327 62 280 76 278 121 264 33 220 292 284 21 176 56 281 152 61 153 215 43 106 39 147 16 87 91 53 119 213 275 286 287 215 316 91 58 256 119 323 99 258 306 254 298 126 172 324 145 47 102 326 69 123 232 15 276 58 199 78 40 67 268 217 110 147 227 62 168 85 143 249 191 209 258 299 29 161 145 251 96 152 251 120 64 179 150 256 320 31 266 45 99 122 29 167 38 183 77 183 96 228 314 301 75 275 140 246 169 152 19 94 78 165 169 123 144 230 303 254 213 191 222 34 114 105 32 27 31 111 272 231 167 216 169 271 194 
0 3
0 7
0 11
0 12
0 13
0 31
0 40
0 45
0 83
0 85
0 92
0 93
0 104
0 109
0 120
0 132
0 164
0 189
0 194
0 195
0 196
0 219
0 225
0 240
0 248
0 261
0 268
0 270
0 273
0 276
0 290
0 295
1 2
1 8
1 12
1 17
1 22
1 24
1 30
1 54
1 59
1 61
1 66
1 89
1 102
1 110
1 111
1 113
1 120
1 122
1 154
1 156
1 167
1 173
1 186
1 190
1 194
1 195
1 197
1 207
1 217
1 222
1 225
1 249
1 263
1 288
1 291
1 297
2 21
2 24
2 26
2 28
2 43
2 66
2 74
2 85
2 92
2 95
2 97
2 104
2 108
2 128
2 131
2 133
2 145
2 150
2 166
2 181
2 183
2 189
2 193
2 209
2 211
2 219
2 222
2 232
2 245
2 250
2 256
2 285
2 299
3 10
3 12
3 15
3 20
3 26
3 67
3 69
3 71
3 87
3 128
3 143
3 146
3 156
3 161
3 165
3 172
3 176
3 185
3 186
3 195
3 196
3 200
3 207
3 209
3 217
3 219
3 224
3 227
3 237
3 253
3 258
3 260
3 273
3 291
4 19
4 31
4 44
4 54
4 73
4 155
4 166
4 188
4 192
4 196
4 198
4 202
4 208
4 224
4 236
4 242
4 261
4 265
4 277
4 282
4 283
5 3
5 14
5 45
5 57
5 64
5 67
5 68
5 71
5 89
5 91
5 92
5 93
5 94
5 97
5 99
5 101
5 125
5 150
5 169
5 189
5 202
5 211
5 234
5 244
5 258
5 280
6 3
6 10
6 13
6 20
6 21
6 26
6 44
6 68
6 71
6 88
6 92
6 111
6 116
6 125
6 142
6 168
6 179
6 200
6 201
6 228
6 239
6 273
6 274
6 279
6 295
7 22
7 39
7 41
7 50
7 52
7 65
7 67
7 70
7 73
7 90
7 96
7 101
7 104
7 109
7 112
7 119
7 120
7 122
7 124
7 139
7 152
7 163
7 178
7 183
7 193
7 206
7 213
7 222
7 223
7 225
7 230
7 246
7 248
7 276
7 279
7 289
8 14
8 22
8 28
8 29
8 33
8 37
8 48
8 63
8 66
8 69
8 72
8 79
8 111
8 115
8 117
8 123
8 126
8 135
8 138
8 153
8 161
8 171
8 180
8 190
8 203
8 209
8 212
8 221
8 222
8 235
8 289
8 299
9 29
9 50
9 62
9 69
9 73
9 79
9 89
9 97
9 104
9 107
9 121
9 127
9 134
9 177
9 188
9 193
9 210
9 243
9 247
9 248
9 252
9 273
9 280
9 299
10 8
10 14
10 41
10 43
10 60
10 78
10 102
10 107
10 115
10 120
10 135
10 146
10 156
10 165
10 177
10 184
10 200
10 202
10 203
10 229
10 254
10 255
10 256
10 262
10 282
10 294
11 9
11 20
11 23
11 32
11 41
11 46
11 47
11 60
11 85
11 122
11 156
11 172
11 181
11 209
11 236
11 243
11 244
11 246
11 249
11 254
11 257
11 258
11 264
11 269
11 289
12 1
12 4
12 34
12 58
12 84
12 99
12 102
12 126
12 132
12 148
12 184
12 186
12 193
12 198
12 208
12 221
12 237
12 248
12 260
12 278
12 294
12 295
13 13
13 20
13 22
13 39
13 52
13 62
13 64
13 65
13 103
13 106
13 107
13 128
13 140
13 144
13 146
13 149
13 153
13 163
13 164
13 170
13 191
13 196
13 210
13 223
13 224
13 261
13 281
13 287
13 288
13 292
13 293
14 7
14 35
14 47
14 51
14 55
14 66
14 68
14 82
14 104
14 109
14 112
14 113
14 117
14 128
14 129
14 143
14 159
14 185
14 187
14 210
14 211
14 227
14 233
14 238
14 250
14 253
14 258
14 261
14 263
14 266
14 277
14 282
14 292
14 295
15 1
15 13
15 22
15 31
15 39
15 41
15 43
15 52
15 77
15 105
15 157
15 181
15 197
15 217
15 228
15 230
15 241
15 256
15 262
15 287
16 3
16 19
16 36
16 46
16 56
16 58
16 60
16 62
16 63
16 67
16 69
16 87
16 93
16 102
16 111
16 126
16 139
16 149
16 154
16 197
16 225
16 235
16 238
16 241
16 265
16 277
16 281
16 286
16 291
16 292
17 10
17 14
17 22
17 47
17 51
17 81
17 87
17 93
17 98
17 116
17 122
17 129
17 133
17 138
17 143
17 164
17 174
17 187
17 196
17 211
17 235
17 247
17 251
17 253
17 261
17 282
17 293
17 296
18 3
18 5
18 8
18 9
18 14
18 22
18 34
18 38
18 50
18 54
18 56
18 79
18 92
18 116
18 124
18 129
18 140
18 143
18 169
18 173
18 182
18 199
18 203
18 212
18 227
18 228
18 239
18 240
18 247
18 252
18 254
18 270
18 274
18 295
18 299
19 12
19 20
19 26
19 33
19 42
19 55
19 59
19 69
19 74
19 83
19 102
19 108
19 115
19 125
19 140
19 141
19 145
19 153
19 154
19 170
19 172
19 183
19 184
19 185
19 188
19 202
19 262
19 288
19 289
20 6
20 36
20 52
20 56
20 59
20 64
20 91
20 95
20 107
20 133
20 157
20 172
20 174
20 180
20 186
20 199
20 212
20 223
20 224
20 226
20 252
20 270
20 277
20 282
20 284
20 292
21 2
21 18
21 22
21 47
21 83
21 97
21 99
21 104
21 108
21 148
21 154
21 155
21 159
21 178
21 179
21 182
21 190
21 195
21 211
21 217
21 233
21 248
21 252
21 253
21 263
21 266
21 277
21 284
21 294
22 1
22 2
22 4
22 12
22 19
22 32
22 41
22 49
22 59
22 64
22 69
22 73
22 75
22 77
22 86
22 109
22 110
22 124
22 127
22 129
22 135
22 137
22 140
22 147
22 189
22 190
22 199
22 225
22 246
22 270
22 280
22 290
22 295
23 2
23 12
23 14
23 23
23 27
23 33
23 37
23 39
23 55
23 57
23 59
23 65
23 70
23 114
23 123
23 127
23 147
23 158
23 162
23 166
23 169
23 179
23 187
23 196
23 200
23 208
23 217
23 258
23 272
23 282
23 284
23 296
24 6
24 12
24 14
24 20
24 21
24 33
24 39
24 51
24 85
24 102
24 125
24 132
24 135
24 137
24 189
24 229
24 242
24 248
24 260
24 286
24 290
24 294
25 14
25 28
25 30
25 76
25 95
25 104
25 105
25 108
25 109
25 110
25 116
25 135
25 142
25 159
25 172
25 173
25 180
25 199
25 207
25 221
25 236
25 245
25 251
25 267
25 272
25 273
25 274
25 277
25 284
26 10
26 33
26 34
26 42
26 53
26 58
26 62
26 66
26 104
26 117
26 118
26 128
26 142
26 162
26 163
26 172
26 180
26 185
26 212
26 218
26 222
26 229
26 254
26 294
27 20
27 46
27 67
27 95
27 97
27 108
27 143
27 149
27 159
27 166
27 170
27 174
27 175
27 179
27 190
27 232
27 244
27 251
27 259
27 270
27 283
27 291
27 293
28 23
28 24
28 28
28 38
28 76
28 77
28 93
28 118
28 144
28 157
28 163
28 170
28 181
28 182
28 198
28 219
28 225
28 228
28 230
28 232
28 258
28 260
28 272
28 280
28 284
28 287
29 7
29 11
29 39
29 40
29 56
29 59
29 62
29 63
29 78
29 86
29 103
29 108
29 116
29 133
29 158
29 159
29 190
29 198
29 203
29 214
29 215
29 244
29 255
29 258
29 265
29 269
29 272
29 290
29 296
30 5
30 11
30 12
30 18
30 30
30 33
30 50
30 84
30 87
30 92
30 97
30 98
30 114
30 123
30 127
30 142
30 144
30 156
30 167
30 181
30 186
30 194
30 198
30 202
30 206
30 215
30 217
30 222
30 223
30 229
30 232
30 237
30 245
30 252
30 266
30 270
30 271
30 282
30 283
31 8
31 35
31 38
31 49
31 54
31 61
31 72
31 96
31 106
31 110
31 122
31 134
31 138
31 145
31 152
31 155
31 164
31 173
31 178
31 179
31 182
31 192
31 227
31 231
31 233
31 263
31 268
31 293
32 6
32 15
32 28
32 53
32 55
32 56
32 65
32 83
32 85
32 86
32 93
32 106
32 107
32 126
32 138
32 151
32 158
32 159
32 163
32 169
32 171
32 172
32 174
32 185
32 208
32 224
32 229
32 240
32 252
32 258
32 259
32 269
32 294
33 21
33 22
33 26
33 29
33 30
33 33
33 35
33 44
33 61
33 87
33 94
33 112
33 116
33 120
33 131
33 147
33 157
33 172
33 174
33 175
33 199
33 206
33 214
33 217
33 222
33 250
33 258
33 268
33 273
33 281
34 4
34 5
34 21
34 23
34 32
34 62
34 98
34 99
34 134
34 146
34 154
34 160
34 165
34 166
34 169
34 196
34 198
34 203
34 211
34 215
34 222
34 223
34 234
34 245
34 253
34 257
34 277
34 279
34 287
34 288
35 0
35 20
35 34
35 36
35 40
35 71
35 78
35 91
35 106
35 120
35 166
35 173
35 179
35 180
35 185
35 191
35 196
35 200
35 203
35 217
35 232
35 234
35 237
35 240
35 244
35 256
35 275
35 283
35 290
36 9
36 34
36 45
36 46
36 59
36 66
36 79
36 88
36 97
36 128
36 138
36 142
36 146
36 154
36 171
36 173
36 196
36 198
36 210
36 213
36 227
36 240
36 244
36 267
36 279
36 283
36 290
36 292
37 1
37 3
37 12
37 14
37 43
37 45
37 47
37 52
37 66
37 68
37 75
37 86
37 107
37 122
37 126
37 129
37 133
37 139
37 145
37 146
37 160
37 171
37 189
37 204
37 208
37 226
37 253
37 264
37 278
37 287
38 3
38 14
38 19
38 22
38 44
38 58
38 112
38 116
38 118
38 120
38 123
38 138
38 161
38 170
38 178
38 183
38 189
38 199
38 203
38 205
38 240
38 246
38 278
38 283
39 3
39 18
39 35
39 41
39 49
39 61
39 69
39 86
39 100
39 103
39 111
39 114
39 124
39 137
39 149
39 150
39 154
39 157
39 165
39 167
39 172
39 193
39 198
39 218
39 236
39 243
39 246
39 254
39 255
39 270
39 292
39 298
40 7
40 12
40 25
40 28
40 60
40 68
40 80
40 88
40 108
40 112
40 130
40 135
40 191
40 192
40 199
40 207
40 212
40 218
40 235
40 294
41 22
41 39
41 43
41 46
41 48
41 63
41 65
41 69
41 79
41 84
41 92
41 94
41 108
41 112
41 134
41 139
41 143
41 144
41 150
41 162
41 163
41 171
41 174
41 179
41 191
41 221
41 226
41 228
41 234
41 236
41 237
41 258
41 263
41 265
41 270
41 276
41 287
41 289
42 6
42 17
42 23
42 30
42 43
42 46
42 58
42 59
42 80
42 86
42 90
42 96
42 127
42 129
42 137
42 141
42 148
42 173
42 177
42 216
42 224
42 228
42 230
42 235
42 251
42 269
42 277
43 35
43 43
43 51
43 54
43 55
43 58
43 66
43 78
43 82
43 85
43 96
43 112
43 119
43 128
43 131
43 140
43 151
43 152
43 154
43 157
43 171
43 184
43 191
43 202
43 211
43 220
43 225
43 229
43 230
43 231
43 236
43 246
43 259
43 289
44 2
44 7
44 15
44 33
44 35
44 36
44 45
44 50
44 56
44 58
44 62
44 63
44 84
44 96
44 103
44 107
44 108
44 109
44 120
44 122
44 125
44 129
44 137
44 141
44 159
44 163
44 168
44 173
44 185
44 187
44 191
44 202
44 210
44 216
44 217
44 219
44 225
44 236
44 253
44 257
44 263
44 268
44 282
44 286
44 296
45 3
45 12
45 13
45 44
45 68
45 72
45 74
45 95
45 104
45 105
45 113
45 117
45 119
45 122
45 125
45 136
45 138
45 140
45 153
45 165
45 172
45 173
45 195
45 210
45 225
45 249
45 251
45 258
45 269
45 287
45 295
45 297
45 298
46 4
46 35
46 38
46 46
46 50
46 69
46 73
46 74
46 75
46 78
46 86
46 93
46 97
46 111
46 132
46 133
46 136
46 145
46 150
46 166
46 169
46 176
46 225
46 229
46 239
46 257
46 258
46 272
46 274
46 283
46 296
47 11
47 19
47 55
47 60
47 97
47 99
47 112
47 120
47 121
47 137
47 143
47 144
47 151
47 155
47 166
47 170
47 194
47 213
47 227
47 233
47 234
47 236
47 247
47 272
47 275
47 276
47 287
47 296
48 26
48 27
48 31
48 46
48 47
48 52
48 55
48 61
48 62
48 77
48 80
48 94
48 103
48 112
48 119
48 123
48 125
48 148
48 152
48 164
48 169
48 190
48 195
48 199
48 202
48 207
48 230
48 240
48 252
48 263
48 264
48 274
48 291
49 18
49 26
49 54
49 62
49 63
49 75
49 77
49 83
49 94
49 98
49 101
49 102
49 115
49 122
49 141
49 154
49 156
49 162
49 164
49 168
49 199
49 204
49 205
49 216
49 219
49 220
49 222
49 227
49 232
49 239
49 253
49 260
49 265
49 267
49 269
49 284
49 292
49 294
50 11
50 19
50 26
50 33
50 38
50 43
50 48
50 60
50 68
50 73
50 88
50 94
50 106
50 109
50 112
50 123
50 178
50 185
50 188
50 197
50 199
50 211
50 230
50 233
50 236
50 249
50 263
50 264
50 281
50 282
50 297
51 24
51 29
51 31
51 36
51 41
51 49
51 50
51 51
51 53
51 67
51 69
51 72
51 106
51 117
51 122
51 131
51 141
51 142
51 166
51 176
51 183
51 202
51 213
51 216
51 221
51 228
51 237
51 242
51 247
51 249
51 258
51 265
51 278
51 285
51 289
51 298
52 0
52 18
52 19
52 21
52 24
52 26
52 29
52 30
52 31
52 42
52 59
52 76
52 89
52 115
52 123
52 133
52 140
52 146
52 159
52 171
52 197
52 199
52 203
52 240
52 244
52 253
52 266
52 267
52 274
52 275
53 21
53 24
53 41
53 43
53 53
53 57
53 88
53 108
53 118
53 130
53 139
53 178
53 180
53 181
53 209
53 213
53 217
53 223
53 224
53 226
53 228
53 231
53 251
53 262
53 270
53 278
53 286
53 287
54 14
54 20
54 24
54 35
54 46
54 47
54 48
54 58
54 68
54 70
54 87
54 94
54 109
54 112
54 119
54 151
54 162
54 175
54 176
54 216
54 223
54 237
54 242
54 243
54 264
54 271
54 278
54 287
54 289
54 293
54 297
55 16
55 21
55 24
55 25
55 34
55 69
55 71
55 78
55 80
55 84
55 97
55 98
55 99
55 105
55 128
55 129
55 130
55 145
55 168
55 175
55 182
55 183
55 196
55 208
55 211
55 213
55 219
55 251
55 276
55 278
55 292
56 3
56 11
56 12
56 13
56 19
56 20
56 47
56 54
56 83
56 85
56 95
56 99
56 103
56 129
56 130
56 142
56 155
56 180
56 188
56 195
56 253
56 255
56 257
57 2
57 16
57 38
57 57
57 71
57 72
57 79
57 84
57 85
57 97
57 102
57 114
57 131
57 140
57 144
57 176
57 204
57 223
57 229
57 231
57 237
57 256
57 273
57 283
57 286
57 292
57 298
57 299
58 13
58 19
58 30
58 40
58 46
58 48
58 49
58 57
58 63
58 69
58 83
58 93
58 97
58 98
58 116
58 126
58 140
58 186
58 192
58 201
58 215
58 217
58 223
58 260
58 275
58 294
58 295
59 17
59 28
59 42
59 50
59 73
59 74
59 93
59 108
59 109
59 117
59 130
59 136
59 140
59 144
59 154
59 157
59 169
59 171
59 175
59 187
59 199
59 204
59 212
59 220
59 221
59 231
59 232
59 240
59 243
59 244
59 246
59 256
59 273
59 278
59 288
60 4
60 10
60 11
60 12
60 21
60 52
60 64
60 71
60 75
60 79
60 102
60 113
60 127
60 132
60 133
60 145
60 174
60 176
60 196
60 202
60 209
60 216
60 230
60 231
60 240
60 251
60 265
60 294
61 18
61 20
61 25
61 26
61 29
61 34
61 70
61 78
61 92
61 93
61 96
61 106
61 109
61 137
61 144
61 158
61 163
61 169
61 170
61 171
61 189
61 208
61 211
61 221
61 227
61 230
61 235
61 241
61 272
61 274
61 287
61 293
61 296
62 4
62 9
62 21
62 25
62 41
62 56
62 77
62 88
62 117
62 122
62 126
62 149
62 150
62 155
62 157
62 159
62 170
62 179
62 204
62 209
62 213
62 223
62 226
62 229
62 237
62 249
62 258
62 266
62 270
62 275
62 290
62 291
63 7
63 10
63 11
63 13
63 20
63 25
63 36
63 37
63 43
63 60
63 70
63 81
63 87
63 95
63 116
63 139
63 147
63 148
63 216
63 225
63 233
63 237
63 238
63 245
63 286
63 289
63 297
64 23
64 36
64 50
64 72
64 74
64 86
64 105
64 112
64 117
64 126
64 137
64 168
64 178
64 182
64 194
64 201
64 209
64 212
64 218
64 222
64 230
64 246
64 264
64 282
64 283
65 1
65 2
65 3
65 6
65 23
65 28
65 29
65 39
65 69
65 84
65 99
65 118
65 120
65 121
65 126
65 137
65 149
65 173
65 194
65 206
65 209
65 214
65 219
65 235
65 248
65 267
65 293
65 294
66 15
66 41
66 49
66 58
66 60
66 74
66 78
66 105
66 124
66 134
66 147
66 148
66 160
66 169
66 170
66 171
66 177
66 182
66 201
66 202
66 217
66 232
66 243
66 254
66 260
66 273
66 275
66 278
66 282
66 286
66 294
67 19
67 40
67 51
67 54
67 59
67 61
67 68
67 77
67 93
67 99
67 102
67 103
67 105
67 106
67 110
67 111
67 115
67 126
67 135
67 158
67 172
67 174
67 205
67 226
67 229
67 231
67 233
67 238
67 262
67 268
68 16
68 18
68 30
68 33
68 45
68 65
68 67
68 95
68 102
68 105
68 119
68 122
68 134
68 138
68 144
68 148
68 165
68 174
68 180
68 183
68 185
68 192
68 204
68 214
68 215
68 237
68 241
68 242
68 244
68 249
68 261
68 284
68 295
68 298
69 16
69 32
69 46
69 59
69 71
69 80
69 88
69 110
69 129
69 171
69 179
69 196
69 204
69 206
69 212
69 214
69 215
69 223
69 238
69 243
69 255
69 264
69 277
70 2
70 9
70 53
70 70
70 73
70 84
70 85
70 96
70 112
70 114
70 118
70 128
70 153
70 162
70 163
70 173
70 179
70 185
70 187
70 194
70 208
70 211
70 214
70 231
70 240
70 253
70 254
70 270
70 272
70 287
70 293
71 1
71 33
71 39
71 55
71 80
71 98
71 120
71 128
71 134
71 138
71 139
71 148
71 159
71 175
71 181
71 190
71 191
71 197
71 200
71 203
71 206
71 207
71 208
71 243
71 261
71 271
71 272
71 275
71 276
72 0
72 23
72 25
72 37
72 38
72 42
72 46
72 57
72 68
72 75
72 81
72 91
72 93
72 97
72 101
72 111
72 154
72 164
72 178
72 182
72 193
72 198
72 224
72 227
72 234
72 251
72 260
72 262
72 264
72 278
72 284
72 299
73 0
73 4
73 6
73 8
73 26
73 44
73 45
73 51
73 53
73 56
73 60
73 74
73 75
73 88
73 92
73 94
73 102
73 105
73 113
73 114
73 126
73 142
73 144
73 148
73 152
73 154
73 159
73 174
73 184
73 212
73 217
73 218
73 226
73 227
73 230
73 237
73 240
73 247
73 248
73 253
73 262
73 288
73 296
73 297
74 9
74 17
74 21
74 36
74 41
74 48
74 73
74 86
74 88
74 103
74 104
74 112
74 118
74 126
74 130
74 155
74 157
74 159
74 165
74 193
74 197
74 201
74 206
74 230
74 249
74 252
74 255
74 259
74 277
74 283
74 293
75 17
75 21
75 24
75 27
75 45
75 49
75 58
75 62
75 68
75 76
75 88
75 98
75 100
75 101
75 104
75 127
75 134
75 173
75 188
75 194
75 209
75 221
75 223
75 232
75 248
75 256
75 290
75 291
76 19
76 23
76 40
76 61
76 75
76 82
76 86
76 101
76 102
76 119
76 120
76 125
76 147
76 201
76 225
76 231
76 235
76 270
76 274
76 282
76 283
76 297
77 1
77 9
77 17
77 32
77 35
77 52
77 66
77 77
77 90
77 103
77 109
77 133
77 140
77 142
77 152
77 159
77 169
77 171
77 210
77 212
77 227
77 230
77 242
77 256
77 258
77 264
77 265
77 266
77 268
77 270
77 273
77 276
77 288
77 293
77 297
78 4
78 18
78 22
78 24
78 29
78 31
78 43
78 58
78 64
78 69
78 85
78 92
78 93
78 103
78 108
78 124
78 137
78 140
78 148
78 156
78 158
78 160
78 163
78 168
78 185
78 195
78 222
78 229
78 231
78 232
78 235
78 240
78 245
78 249
78 254
78 255
78 272
78 276
78 299
79 7
79 30
79 33
79 34
79 41
79 45
79 61
79 68
79 71
79 75
79 90
79 98
79 116
79 123
79 127
79 129
79 146
79 147
79 148
79 157
79 183
79 195
79 197
79 213
79 216
79 217
79 233
79 238
79 240
79 274
79 282
79 287
79 292
80 0
80 50
80 58
80 66
80 106
80 108
80 120
80 164
80 168
80 169
80 171
80 173
80 180
80 188
80 189
80 217
80 240
80 241
80 245
80 278
80 279
80 292
81 3
81 6
81 10
81 22
81 33
81 48
81 53
81 70
81 72
81 79
81 86
81 98
81 100
81 109
81 115
81 117
81 122
81 124
81 131
81 136
81 143
81 144
81 155
81 160
81 162
81 165
81 172
81 182
81 185
81 186
81 193
81 222
81 234
81 241
81 243
81 249
81 250
81 256
81 264
81 276
81 284
81 297
82 35
82 36
82 37
82 49
82 50
82 54
82 66
82 70
82 71
82 80
82 95
82 96
82 106
82 113
82 121
82 122
82 127
82 147
82 154
82 173
82 231
82 243
82 259
82 283
83 5
83 37
83 39
83 46
83 94
83 120
83 121
83 137
83 145
83 148
83 162
83 164
83 171
83 175
83 184
83 185
83 194
83 201
83 220
83 230
83 241
83 250
83 256
83 270
83 291
84 10
84 23
84 30
84 33
84 35
84 39
84 43
84 57
84 80
84 82
84 84
84 97
84 105
84 113
84 119
84 126
84 127
84 129
84 179
84 183
84 197
84 203
84 206
84 208
84 229
84 239
84 249
84 252
84 283
84 297
85 7
85 29
85 51
85 54
85 68
85 73
85 98
85 115
85 136
85 145
85 153
85 177
85 183
85 188
85 190
85 191
85 201
85 206
85 220
85 226
85 230
85 231
85 240
85 242
85 249
85 257
85 273
85 285
85 291
86 2
86 22
86 31
86 35
86 88
86 92
86 98
86 110
86 138
86 139
86 156
86 190
86 193
86 206
86 222
86 236
86 239
86 245
86 247
86 268
86 276
86 277
87 0
87 4
87 7
87 18
87 29
87 34
87 66
87 74
87 77
87 94
87 120
87 149
87 152
87 154
87 160
87 162
87 184
87 189
87 192
87 201
87 221
87 226
87 229
87 241
87 244
87 247
87 251
87 259
87 279
87 280
87 290
88 25
88 27
88 36
88 48
88 49
88 50
88 56
88 59
88 83
88 108
88 112
88 127
88 146
88 150
88 159
88 178
88 190
88 195
88 201
88 209
88 213
88 216
88 222
88 223
88 227
88 229
88 253
88 272
88 275
88 281
88 282
89 4
89 10
89 21
89 23
89 34
89 35
89 42
89 44
89 46
89 54
89 56
89 68
89 69
89 83
89 93
89 100
89 127
89 140
89 151
89 155
89 177
89 185
89 188
89 199
89 210
89 252
89 268
89 270
89 284
89 287
89 294
90 1
90 7
90 23
90 56
90 57
90 60
90 62
90 70
90 85
90 116
90 126
90 133
90 153
90 156
90 159
90 160
90 161
90 163
90 185
90 206
90 234
90 240
90 259
90 286
91 1
91 6
91 66
91 67
91 70
91 80
91 90
91 108
91 109
91 124
91 134
91 143
91 153
91 166
91 174
91 187
91 191
91 201
91 208
91 217
91 223
91 224
91 231
91 243
91 249
91 250
91 259
91 273
91 278
91 281
91 293
91 298
92 7
92 8
92 13
92 15
92 18
92 29
92 54
92 71
92 72
92 77
92 78
92 87
92 89
92 93
92 98
92 99
92 100
92 106
92 120
92 132
92 141
92 147
92 154
92 165
92 168
92 178
92 186
92 197
92 203
92 214
92 220
92 257
92 263
92 264
92 268
92 277
92 295
93 7
93 27
93 33
93 36
93 37
93 57
93 59
93 63
93 64
93 65
93 69
93 74
93 85
93 87
93 102
93 107
93 108
93 123
93 137
93 153
93 157
93 180
93 204
93 223
93 236
93 237
93 240
93 250
93 251
93 269
93 284
93 297
94 5
94 16
94 22
94 31
94 43
94 59
94 69
94 101
94 106
94 150
94 155
94 174
94 176
94 177
94 196
94 200
94 202
94 218
94 219
94 223
94 230
94 250
94 253
94 271
94 299
95 4
95 9
95 12
95 18
95 35
95 59
95 63
95 69
95 72
95 87
95 101
95 138
95 142
95 151
95 155
95 163
95 170
95 173
95 182
95 185
95 193
95 204
95 210
95 216
95 223
95 233
95 240
95 242
95 253
95 282
95 284
96 16
96 51
96 56
96 64
96 79
96 84
96 89
96 95
96 97
96 123
96 151
96 152
96 154
96 167
96 188
96 190
96 197
96 201
96 220
96 222
96 223
96 237
96 241
96 284
96 287
96 295
97 2
97 27
97 37
97 67
97 112
97 113
97 131
97 139
97 146
97 148
97 157
97 166
97 169
97 177
97 187
97 198
97 199
97 210
97 219
97 227
97 241
97 250
97 263
97 266
97 274
97 292
98 4
98 10
98 15
98 30
98 58
98 61
98 63
98 69
98 71
98 82
98 86
98 114
98 118
98 127
98 141
98 148
98 158
98 166
98 190
98 194
98 196
98 197
98 198
98 212
98 234
98 255
98 258
98 274
98 275
98 282
98 295
99 8
99 16
99 30
99 38
99 39
99 45
99 51
99 60
99 71
99 75
99 80
99 108
99 113
99 115
99 119
99 121
99 138
99 144
99 159
99 164
99 169
99 174
99 185
99 197
99 201
99 222
99 231
99 238
99 241
99 249
99 267
100 2
100 21
100 41
100 43
100 45
100 54
100 68
100 77
100 114
100 133
100 165
100 166
100 184
100 192
100 197
100 207
100 212
100 218
100 221
100 228
100 238
100 242
100 245
100 266
100 285
100 289
100 294
100 298
101 19
101 26
101 35
101 48
101 55
101 56
101 58
101 62
101 63
101 75
101 79
101 97
101 118
101 133
101 144
101 164
101 230
101 248
101 249
101 250
101 256
101 267
101 269
101 276
101 277
101 280
101 285
101 295
101 296
102 7
102 26
102 36
102 37
102 40
102 44
102 65
102 67
102 80
102 104
102 131
102 141
102 144
102 149
102 153
102 159
102 163
102 164
102 166
102 188
102 198
102 212
102 215
102 226
102 245
102 260
102 279
102 280
103 13
103 15
103 22
103 31
103 37
103 40
103 42
103 46
103 63
103 73
103 74
103 98
103 100
103 116
103 138
103 160
103 162
103 168
103 172
103 173
103 176
103 177
103 178
103 185
103 198
103 220
103 234
103 248
103 251
103 275
103 280
103 286
104 4
104 23
104 26
104 42
104 43
104 45
104 57
104 60
104 72
104 73
104 79
104 83
104 88
104 90
104 96
104 120
104 142
104 145
104 148
104 158
104 160
104 161
104 165
104 176
104 185
104 197
104 217
104 231
104 247
104 253
104 256
104 269
104 272
104 273
104 296
105 5
105 13
105 25
105 38
105 42
105 98
105 99
105 102
105 107
105 119
105 135
105 139
105 144
105 150
105 158
105 168
105 172
105 173
105 175
105 186
105 189
105 190
105 203
105 206
105 208
105 210
105 213
105 215
105 221
105 227
105 229
105 251
105 256
105 266
105 270
105 282
105 294
106 0
106 4
106 21
106 23
106 25
106 26
106 28
106 38
106 83
106 88
106 132
106 155
106 157
106 166
106 196
106 216
106 232
106 233
106 251
106 259
106 261
106 270
106 273
106 281
106 283
106 284
106 294
107 38
107 41
107 42
107 43
107 45
107 58
107 61
107 98
107 104
107 108
107 112
107 120
107 137
107 138
107 155
107 160
107 164
107 170
107 192
107 197
107 198
107 206
107 213
107 231
107 235
107 248
107 251
107 261
107 266
107 269
107 280
107 282
107 285
107 292
108 7
108 8
108 11
108 22
108 34
108 38
108 53
108 61
108 64
108 69
108 87
108 97
108 100
108 110
108 118
108 119
108 135
108 150
108 152
108 168
108 184
108 196
108 204
108 214
108 217
108 219
108 220
108 233
108 235
108 246
108 263
108 285
108 291
109 6
109 8
109 26
109 36
109 55
109 65
109 67
109 87
109 108
109 115
109 119
109 121
109 141
109 147
109 155
109 157
109 200
109 210
109 214
109 233
109 243
109 262
109 264
109 268
109 271
109 275
110 19
110 20
110 23
110 24
110 26
110 37
110 48
110 57
110 60
110 68
110 74
110 80
110 151
110 155
110 167
110 173
110 182
110 187
110 192
110 202
110 206
110 211
110 217
110 228
110 247
110 253
110 268
110 276
110 296
110 298
111 4
111 12
111 28
111 29
111 41
111 42
111 48
111 73
111 77
111 91
111 95
111 98
111 102
111 109
111 129
111 131
111 133
111 175
111 191
111 207
111 210
111 250
111 272
111 273
111 279
111 294
111 296
112 3
112 13
112 21
112 27
112 50
112 70
112 78
112 113
112 119
112 128
112 144
112 145
112 174
112 175
112 195
112 197
112 208
112 209
112 224
112 232
112 237
112 238
112 256
112 281
113 4
113 9
113 26
113 35
113 40
113 44
113 50
113 61
113 73
113 75
113 94
113 99
113 122
113 146
113 148
113 153
113 171
113 173
113 174
113 176
113 177
113 180
113 183
113 214
113 264
113 274
114 10
114 15
114 16
114 21
114 27
114 32
114 34
114 40
114 49
114 74
114 86
114 93
114 108
114 113
114 117
114 134
114 137
114 141
114 159
114 173
114 176
114 179
114 191
114 198
114 200
114 202
114 228
114 241
114 280
114 290
114 296
114 298
115 1
115 15
115 26
115 28
115 37
115 41
115 47
115 52
115 63
115 70
115 79
115 87
115 92
115 103
115 110
115 116
115 121
115 141
115 145
115 167
115 171
115 186
115 210
115 226
115 237
115 238
115 270
115 273
115 297
116 5
116 14
116 16
116 30
116 34
116 37
116 50
116 60
116 63
116 71
116 95
116 126
116 127
116 128
116 144
116 146
116 152
116 161
116 166
116 170
116 174
116 180
116 191
116 215
116 231
116 235
116 255
116 263
116 284
117 7
117 15
117 25
117 28
117 64
117 72
117 77
117 80
117 101
117 121
117 124
117 132
117 135
117 144
117 148
117 152
117 153
117 163
117 164
117 170
117 174
117 183
117 191
117 221
117 226
117 228
117 229
117 235
117 242
117 252
117 259
117 267
117 268
117 292
117 294
118 0
118 3
118 11
118 14
118 43
118 91
118 109
118 110
118 113
118 115
118 121
118 134
118 161
118 163
118 174
118 206
118 218
118 237
118 249
118 277
118 285
118 297
119 0
119 28
119 30
119 47
119 58
119 69
119 73
119 75
119 76
119 83
119 88
119 92
119 104
119 107
119 130
119 133
119 135
119 136
119 176
119 186
119 196
119 199
119 202
119 204
119 220
119 221
119 237
119 256
119 257
119 268
119 273
119 284
119 291
120 13
120 26
120 31
120 45
120 49
120 54
120 60
120 85
120 89
120 91
120 125
120 137
120 163
120 169
120 176
120 178
120 189
120 201
120 204
120 207
120 219
120 220
120 222
120 238
120 241
120 248
120 270
120 276
120 286
121 3
121 15
121 24
121 30
121 33
121 35
121 58
121 59
121 74
121 89
121 92
121 111
121 113
121 119
121 129
121 143
121 147
121 150
121 157
121 159
121 160
121 166
121 170
121 172
121 186
121 192
121 218
121 240
121 244
121 248
121 251
121 272
121 279
121 284
121 289
121 292
122 6
122 11
122 13
122 29
122 48
122 57
122 62
122 73
122 78
122 85
122 86
122 87
122 90
122 118
122 119
122 132
122 144
122 155
122 163
122 200
122 209
122 210
122 214
122 217
122 236
122 244
122 247
122 251
122 268
123 17
123 21
123 27
123 29
123 33
123 44
123 49
123 59
123 63
123 67
123 77
123 90
123 97
123 103
123 113
123 114
123 118
123 135
123 142
123 152
123 153
123 156
123 176
123 178
123 189
123 206
123 208
123 211
123 214
123 222
123 223
123 226
123 231
123 255
123 259
123 281
123 294
124 10
124 11
124 24
124 33
124 35
124 38
124 63
124 75
124 76
124 92
124 105
124 117
124 131
124 155
124 168
124 169
124 175
124 191
124 198
124 201
124 227
124 234
124 258
124 261
124 275
125 3
125 10
125 18
125 38
125 45
125 53
125 60
125 71
125 74
125 84
125 88
125 94
125 109
125 110
125 119
125 124
125 132
125 133
125 144
125 153
125 165
125 177
125 179
125 180
125 193
125 194
125 203
125 218
125 220
125 224
125 225
125 231
125 244
125 248
125 262
125 276
125 278
125 281
126 13
126 15
126 21
126 37
126 67
126 85
126 86
126 90
126 119
126 128
126 143
126 153
126 162
126 170
126 192
126 194
126 216
126 225
126 231
126 256
126 266
126 287
126 297
127 5
127 72
127 79
127 82
127 86
127 113
127 123
127 132
127 133
127 137
127 140
127 158
127 159
127 192
127 198
127 199
127 200
127 203
127 205
127 206
127 215
127 216
127 219
127 243
127 244
127 246
127 251
127 254
127 256
127 270
127 272
127 298
128 12
128 15
128 28
128 33
128 38
128 39
128 94
128 99
128 109
128 110
128 114
128 116
128 137
128 141
128 147
128 168
128 189
128 193
128 197
128 198
128 215
128 218
128 255
128 263
128 268
128 270
128 271
128 278
128 286
128 298
129 7
129 18
129 36
129 37
129 59
129 68
129 87
129 97
129 110
129 111
129 117
129 128
129 129
129 138
129 170
129 182
129 184
129 188
129 190
129 201
129 209
129 224
129 227
129 234
129 236
129 238
129 244
129 253
129 271
129 282
129 283
129 296
129 298
130 4
130 14
130 17
130 30
130 40
130 56
130 58
130 59
130 69
130 75
130 84
130 94
130 98
130 112
130 119
130 124
130 128
130 130
130 131
130 136
130 159
130 171
130 183
130 221
130 227
130 231
130 232
130 235
130 241
130 273
130 283
130 285
130 292
130 296
131 15
131 17
131 26
131 28
131 39
131 51
131 53
131 65
131 76
131 85
131 90
131 93
131 102
131 112
131 124
131 128
131 133
131 138
131 152
131 157
131 165
131 168
131 170
131 177
131 242
131 266
131 270
131 276
131 285
131 286
131 293
132 1
132 8
132 19
132 23
132 40
132 51
132 75
132 92
132 107
132 136
132 139
132 144
132 163
132 166
132 167
132 169
132 178
132 189
132 197
132 200
132 201
132 219
132 220
132 232
132 236
132 250
132 260
132 266
132 271
132 276
132 282
132 283
132 288
132 293
133 13
133 35
133 38
133 40
133 52
133 70
133 84
133 90
133 94
133 119
133 123
133 125
133 146
133 183
133 196
133 224
133 226
133 243
133 245
133 284
134 3
134 4
134 10
134 13
134 17
134 27
134 42
134 44
134 53
134 68
134 76
134 101
134 115
134 116
134 128
134 131
134 140
134 143
134 150
134 151
134 162
134 167
134 176
134 183
134 192
134 193
134 200
134 202
134 208
134 217
134 224
134 231
134 238
134 244
134 261
134 267
134 270
134 297
135 11
135 33
135 39
135 49
135 50
135 52
135 60
135 70
135 75
135 88
135 95
135 100
135 104
135 105
135 108
135 114
135 136
135 145
135 171
135 178
135 179
135 180
135 193
135 202
135 208
135 218
135 228
135 233
135 240
135 256
135 265
135 275
135 276
135 288
135 292
136 32
136 35
136 36
136 43
136 46
136 53
136 54
136 65
136 84
136 93
136 98
136 103
136 111
136 112
136 125
136 138
136 139
136 150
136 159
136 166
136 182
136 197
136 212
136 215
136 219
136 227
136 239
136 242
136 255
136 257
136 260
136 285
136 288
136 290
137 25
137 31
137 32
137 60
137 96
137 108
137 109
137 120
137 151
137 162
137 168
137 170
137 180
137 197
137 210
137 214
137 215
137 222
137 232
137 236
137 237
137 254
137 256
137 265
137 270
137 274
137 275
137 276
137 279
137 294
138 6
138 8
138 11
138 18
138 24
138 25
138 39
138 45
138 48
138 50
138 67
138 83
138 85
138 94
138 102
138 117
138 118
138 126
138 130
138 139
138 144
138 146
138 150
138 165
138 174
138 183
138 195
138 210
138 213
138 215
138 227
138 259
138 266
138 272
138 277
138 287
138 288
138 298
139 1
139 60
139 80
139 104
139 114
139 133
139 153
139 156
139 158
139 165
139 183
139 184
139 191
139 220
139 221
139 231
139 235
139 236
139 241
139 246
139 251
139 265
139 275
139 288
139 290
139 292
139 295
140 20
140 22
140 26
140 40
140 44
140 68
140 69
140 81
140 105
140 109
140 115
140 121
140 134
140 137
140 149
140 161
140 170
140 206
140 207
140 225
140 226
140 240
140 246
140 266
140 283
140 286
140 288
140 298
141 14
141 16
141 35
141 41
141 46
141 52
141 74
141 84
141 85
141 101
141 103
141 104
141 117
141 146
141 163
141 180
141 185
141 211
141 244
141 248
141 256
141 262
141 268
141 295
142 0
142 34
142 49
142 55
142 59
142 63
142 64
142 75
142 85
142 88
142 96
142 111
142 120
142 126
142 142
142 147
142 148
142 152
142 171
142 199
142 206
142 207
142 215
142 230
142 240
142 241
142 243
142 249
142 254
142 256
142 291
142 292
143 10
143 17
143 22
143 23
143 42
143 44
143 63
143 76
143 78
143 79
143 94
143 128
143 130
143 133
143 134
143 146
143 151
143 173
143 183
143 186
143 190
143 210
143 220
143 228
143 234
143 242
143 251
143 269
143 287
144 3
144 8
144 12
144 34
144 51
144 53
144 64
144 67
144 78
144 79
144 112
144 125
144 133
144 137
144 162
144 166
144 172
144 186
144 189
144 197
144 217
144 229
144 237
144 246
144 253
144 256
144 263
144 286
144 292
144 297
144 299
145 0
145 2
145 24
145 28
145 34
145 43
145 57
145 72
145 94
145 100
145 112
145 130
145 136
145 141
145 146
145 147
145 148
145 154
145 187
145 205
145 211
145 213
145 221
145 228
145 261
145 265
145 273
145 277
145 290
145 299
146 8
146 10
146 15
146 23
146 41
146 48
146 55
146 62
146 70
146 71
146 74
146 93
146 110
146 115
146 121
146 123
146 138
146 140
146 159
146 160
146 170
146 173
146 183
146 197
146 204
146 212
146 230
146 233
146 241
146 243
146 246
146 252
146 265
146 266
146 281
147 0
147 2
147 13
147 15
147 39
147 59
147 88
147 90
147 95
147 110
147 115
147 116
147 132
147 139
147 144
147 149
147 163
147 172
147 173
147 176
147 182
147 184
147 199
147 219
147 225
147 238
147 263
147 271
147 273
147 281
147 297
147 299
148 13
148 28
148 53
148 80
148 100
148 125
148 126
148 166
148 172
148 177
148 180
148 190
148 191
148 193
148 203
148 204
148 230
148 234
148 236
148 252
148 264
148 266
148 289
149 10
149 16
149 17
149 35
149 41
149 44
149 47
149 80
149 88
149 98
149 99
149 110
149 119
149 123
149 144
149 160
149 165
149 166
149 176
149 178
149 179
149 189
149 190
149 204
149 208
149 209
149 212
149 216
149 255
149 258
149 268
149 288
149 292
149 299
150 17
150 24
150 56
150 78
150 80
150 83
150 87
150 109
150 118
150 119
150 120
150 150
150 153
150 159
150 164
150 182
150 192
150 201
150 205
150 209
150 244
150 246
150 251
150 269
150 272
150 277
150 285
151 2
151 15
151 18
151 19
151 25
151 28
151 29
151 33
151 34
151 38
151 49
151 56
151 62
151 67
151 74
151 93
151 100
151 115
151 133
151 135
151 136
151 143
151 146
151 149
151 163
151 177
151 195
151 200
151 214
151 216
151 218
151 220
151 226
151 229
151 247
151 252
151 256
151 267
151 271
151 280
151 290
151 292
151 293
151 296
151 299
152 7
152 26
152 31
152 49
152 85
152 91
152 103
152 110
152 115
152 120
152 140
152 141
152 154
152 164
152 182
152 190
152 197
152 199
152 227
152 241
152 254
152 263
152 270
152 272
152 275
152 284
152 285
152 298
153 10
153 12
153 30
153 36
153 38
153 44
153 54
153 66
153 71
153 73
153 84
153 90
153 99
153 119
153 123
153 137
153 147
153 165
153 181
153 198
153 230
153 234
153 247
153 250
153 255
153 259
153 262
153 275
153 278
153 290
154 9
154 11
154 15
154 31
154 35
154 43
154 60
154 68
154 81
154 84
154 90
154 100
154 101
154 110
154 120
154 121
154 127
154 167
154 177
154 187
154 192
154 194
154 201
154 206
154 207
154 210
154 212
154 239
154 249
154 254
154 263
154 292
155 10
155 12
155 17
155 47
155 52
155 56
155 60
155 73
155 99
155 104
155 112
155 117
155 132
155 135
155 141
155 174
155 181
155 207
155 217
155 219
155 231
155 245
155 251
155 268
155 289
155 296
156 5
156 15
156 20
156 33
156 70
156 88
156 96
156 105
156 130
156 132
156 143
156 156
156 164
156 180
156 192
156 204
156 205
156 223
156 226
156 233
156 239
156 260
156 267
156 274
157 2
157 21
157 27
157 30
157 63
157 79
157 84
157 90
157 106
157 111
157 114
157 126
157 135
157 136
157 139
157 140
157 163
157 167
157 174
157 222
157 225
157 237
157 239
157 240
157 241
157 249
157 258
157 262
157 268
157 281
157 286
158 10
158 13
158 14
158 16
158 23
158 32
158 36
158 37
158 43
158 75
158 76
158 88
158 106
158 109
158 112
158 114
158 117
158 165
158 168
158 179
158 200
158 211
158 228
158 231
158 236
158 267
158 268
158 270
158 272
158 279
158 294
158 298
159 1
159 16
159 24
159 29
159 30
159 34
159 49
159 51
159 57
159 58
159 60
159 65
159 68
159 82
159 96
159 108
159 129
159 134
159 146
159 151
159 163
159 165
159 167
159 173
159 175
159 180
159 184
159 185
159 186
159 192
159 195
159 197
159 207
159 235
159 240
159 258
159 261
159 276
159 282
159 283
159 287
159 297
160 7
160 12
160 14
160 24
160 45
160 47
160 54
160 58
160 67
160 73
160 85
160 86
160 88
160 93
160 97
160 99
160 100
160 119
160 122
160 130
160 140
160 145
160 160
160 162
160 172
160 178
160 198
160 208
160 209
160 216
160 227
160 243
160 244
160 249
160 296
161 5
161 31
161 65
161 130
161 134
161 136
161 141
161 165
161 172
161 175
161 179
161 181
161 188
161 200
161 224
161 231
161 239
161 251
161 262
161 272
161 275
161 283
161 286
161 293
162 8
162 27
162 30
162 62
162 74
162 78
162 80
162 96
162 112
162 115
162 129
162 138
162 142
162 146
162 152
162 157
162 159
162 162
162 176
162 177
162 187
162 191
162 221
162 223
162 231
162 239
162 241
162 254
162 256
162 258
162 262
162 264
162 278
162 293
162 298
163 19
163 26
163 43
163 50
163 59
163 72
163 90
163 102
163 103
163 120
163 140
163 145
163 147
163 150
163 163
163 166
163 174
163 181
163 184
163 203
163 204
163 225
163 232
163 242
163 255
163 257
163 263
163 296
164 5
164 7
164 12
164 13
164 30
164 32
164 42
164 44
164 60
164 71
164 73
164 74
164 84
164 94
164 96
164 103
164 107
164 113
164 115
164 118
164 136
164 146
164 147
164 148
164 156
164 158
164 162
164 194
164 196
164 233
164 264
164 265
164 272
165 0
165 4
165 20
165 61
165 63
165 83
165 94
165 111
165 134
165 157
165 178
165 186
165 202
165 220
165 229
165 236
165 265
165 270
165 273
165 274
165 276
165 285
165 291
165 293
165 299
166 5
166 9
166 22
166 27
166 36
166 40
166 45
166 46
166 47
166 51
166 57
166 63
166 65
166 66
166 68
166 89
166 91
166 95
166 104
166 105
166 108
166 129
166 139
166 154
166 162
166 171
166 181
166 183
166 198
166 209
166 212
166 225
166 240
166 250
166 269
166 275
166 277
167 4
167 21
167 23
167 38
167 40
167 49
167 53
167 70
167 94
167 97
167 101
167 105
167 108
167 111
167 115
167 129
167 139
167 165
167 196
167 200
167 221
167 232
167 233
167 239
167 241
167 251
167 256
167 267
167 273
167 288
168 3
168 4
168 56
168 72
168 88
168 89
168 92
168 93
168 98
168 106
168 120
168 122
168 129
168 167
168 185
168 186
168 193
168 215
168 217
168 249
168 253
168 270
169 7
169 13
169 30
169 35
169 38
169 55
169 61
169 70
169 84
169 85
169 94
169 112
169 118
169 124
169 133
169 155
169 160
169 163
169 185
169 209
169 230
169 234
169 250
169 256
169 276
169 288
169 292
170 12
170 14
170 24
170 29
170 48
170 50
170 59
170 66
170 68
170 71
170 83
170 86
170 94
170 95
170 119
170 132
170 135
170 143
170 150
170 173
170 196
170 221
170 260
170 270
170 278
170 284
170 290
170 296
171 7
171 23
171 50
171 64
171 106
171 107
171 120
171 126
171 151
171 152
171 168
171 180
171 185
171 198
171 226
171 250
171 259
171 261
171 279
171 296
172 5
172 24
172 27
172 31
172 33
172 56
172 58
172 61
172 75
172 96
172 100
172 101
172 103
172 127
172 137
172 143
172 146
172 152
172 193
172 198
172 222
172 245
172 259
172 265
172 271
172 277
172 280
172 288
172 298
173 0
173 3
173 7
173 20
173 42
173 68
173 71
173 73
173 77
173 82
173 87
173 88
173 90
173 93
173 101
173 109
173 114
173 116
173 120
173 132
173 144
173 187
173 189
173 213
173 216
173 218
173 232
173 249
173 259
173 261
173 263
173 264
173 266
173 270
173 271
173 279
173 281
174 2
174 3
174 49
174 55
174 87
174 92
174 100
174 103
174 106
174 111
174 118
174 137
174 152
174 153
174 156
174 164
174 179
174 184
174 209
174 224
174 240
174 255
174 258
174 284
174 294
175 16
175 26
175 29
175 33
175 38
175 43
175 45
175 50
175 67
175 70
175 89
175 96
175 116
175 130
175 141
175 162
175 180
175 187
175 215
175 241
175 244
175 265
175 281
175 296
176 2
176 7
176 9
176 12
176 14
176 23
176 54
176 61
176 67
176 68
176 97
176 106
176 138
176 140
176 146
176 159
176 161
176 164
176 175
176 198
176 221
176 234
176 238
176 242
176 248
176 273
176 280
177 3
177 4
177 7
177 9
177 10
177 11
177 31
177 36
177 43
177 45
177 54
177 64
177 71
177 79
177 101
177 105
177 119
177 122
177 125
177 130
177 139
177 154
177 158
177 172
177 186
177 202
177 209
177 233
177 244
177 245
177 264
178 0
178 22
178 34
178 39
178 41
178 47
178 58
178 61
178 104
178 119
178 121
178 141
178 152
178 167
178 172
178 178
178 183
178 189
178 192
178 199
178 205
178 220
178 222
178 229
178 247
178 252
178 253
178 270
178 271
178 278
179 2
179 3
179 22
179 32
179 44
179 54
179 62
179 66
179 73
179 81
179 86
179 99
179 113
179 134
179 135
179 156
179 172
179 188
179 207
179 208
179 214
179 220
179 242
179 250
179 255
179 275
179 298
180 8
180 12
180 19
180 26
180 28
180 34
180 60
180 61
180 75
180 91
180 99
180 124
180 130
180 132
180 139
180 158
180 160
180 161
180 168
180 169
180 170
180 172
180 179
180 200
180 204
180 210
180 211
180 214
180 223
180 227
180 232
180 236
180 252
180 261
180 278
180 280
180 290
180 294
181 32
181 34
181 38
181 49
181 53
181 56
181 67
181 71
181 105
181 122
181 130
181 132
181 138
181 142
181 145
181 156
181 160
181 180
181 183
181 189
181 192
181 198
181 201
181 202
181 205
181 213
181 229
181 231
181 233
181 252
181 254
181 266
181 267
181 268
181 291
182 7
182 12
182 14
182 23
182 33
182 34
182 40
182 45
182 66
182 67
182 70
182 76
182 78
182 80
182 88
182 89
182 94
182 120
182 128
182 131
182 152
182 158
182 176
182 179
182 185
182 195
182 205
182 208
182 214
182 220
182 222
182 229
182 231
182 244
182 258
182 261
182 263
182 270
182 288
182 296
183 3
183 9
183 14
183 21
183 23
183 39
183 50
183 56
183 75
183 77
183 95
183 103
183 107
183 110
183 126
183 132
183 134
183 155
183 166
183 176
183 187
183 203
183 208
183 215
183 216
183 226
183 233
183 242
183 284
184 2
184 3
184 4
184 8
184 41
184 49
184 57
184 79
184 80
184 81
184 85
184 96
184 107
184 115
184 125
184 129
184 138
184 141
184 144
184 151
184 152
184 169
184 172
184 179
184 184
184 187
184 215
184 223
184 244
184 248
184 249
184 266
184 277
185 3
185 5
185 12
185 15
185 23
185 42
185 45
185 46
185 83
185 88
185 93
185 106
185 109
185 162
185 169
185 178
185 196
185 198
185 220
185 233
185 245
185 252
185 273
185 290
186 13
186 15
186 17
186 20
186 27
186 31
186 34
186 40
186 43
186 57
186 62
186 78
186 80
186 81
186 88
186 89
186 91
186 99
186 100
186 124
186 140
186 149
186 153
186 157
186 166
186 177
186 180
186 183
186 184
186 210
186 219
186 238
186 256
186 257
186 266
186 274
186 283
186 294
187 5
187 8
187 9
187 35
187 49
187 61
187 66
187 69
187 80
187 82
187 88
187 106
187 117
187 121
187 162
187 168
187 181
187 184
187 185
187 194
187 219
187 224
187 236
187 237
187 256
187 257
187 259
187 294
188 3
188 14
188 19
188 23
188 29
188 30
188 38
188 59
188 60
188 68
188 82
188 92
188 96
188 99
188 100
188 111
188 113
188 123
188 129
188 130
188 132
188 133
188 136
188 162
188 172
188 175
188 180
188 221
188 222
188 231
188 232
188 238
188 242
188 250
188 255
188 265
188 276
188 285
188 287
188 288
189 0
189 9
189 14
189 17
189 18
189 38
189 60
189 75
189 98
189 138
189 155
189 166
189 171
189 178
189 194
189 204
189 225
189 236
189 243
189 245
189 255
189 276
189 292
190 2
190 7
190 11
190 28
190 38
190 45
190 47
190 58
190 59
190 76
190 89
190 101
190 108
190 115
190 130
190 142
190 166
190 186
190 196
190 208
190 215
190 222
190 233
190 251
190 264
190 279
190 280
190 289
190 297
191 12
191 21
191 63
191 76
191 80
191 89
191 94
191 102
191 123
191 129
191 133
191 136
191 140
191 149
191 161
191 162
191 177
191 185
191 198
191 201
191 205
191 206
191 207
191 212
191 217
191 220
191 241
191 248
191 250
191 270
191 274
191 289
191 292
191 295
192 2
192 28
192 44
192 67
192 75
192 84
192 93
192 98
192 109
192 114
192 120
192 130
192 143
192 149
192 151
192 155
192 170
192 190
192 203
192 204
192 210
192 218
192 226
192 232
192 244
192 268
192 269
192 280
192 285
192 296
192 299
193 3
193 4
193 5
193 34
193 71
193 104
193 105
193 111
193 112
193 132
193 138
193 140
193 141
193 145
193 147
193 150
193 151
193 165
193 168
193 179
193 192
193 199
193 200
193 208
193 213
193 219
193 226
193 239
193 250
194 15
194 34
194 45
194 63
194 71
194 72
194 75
194 89
194 105
194 110
194 114
194 119
194 121
194 160
194 179
194 186
194 201
194 204
194 208
194 219
194 220
194 233
194 234
194 250
194 273
194 278
194 282
194 292
194 299
195 3
195 4
195 10
195 20
195 22
195 35
195 90
195 102
195 115
195 141
195 142
195 143
195 147
195 149
195 169
195 184
195 194
195 209
195 257
195 258
195 269
195 273
195 279
195 283
195 286
195 292
195 295
195 296
195 298
196 10
196 12
196 50
196 52
196 57
196 59
196 86
196 87
196 89
196 91
196 93
196 97
196 98
196 105
196 121
196 123
196 126
196 143
196 170
196 183
196 189
196 191
196 210
196 222
196 230
196 267
196 269
196 270
196 275
196 292
196 294
197 8
197 10
197 17
197 22
197 23
197 27
197 36
197 37
197 58
197 67
197 72
197 82
197 91
197 94
197 97
197 110
197 111
197 124
197 127
197 149
197 157
197 176
197 200
197 238
197 255
197 263
197 272
198 10
198 16
198 33
198 35
198 38
198 68
198 77
198 78
198 88
198 89
198 112
198 123
198 126
198 128
198 136
198 141
198 149
198 152
198 159
198 163
198 164
198 170
198 183
198 184
198 190
198 196
198 203
198 210
198 212
198 256
198 274
198 284
198 289
199 4
199 11
199 64
199 66
199 80
199 87
199 88
199 95
199 107
199 118
199 152
199 165
199 171
199 197
199 206
199 213
199 226
199 237
199 241
199 250
199 255
199 262
199 282
199 283
200 36
200 46
200 48
200 49
200 62
200 63
200 67
200 127
200 136
200 144
200 146
200 153
200 171
200 173
200 192
200 193
200 208
200 211
200 216
200 218
200 220
200 273
200 288
200 294
201 23
201 38
201 42
201 44
201 45
201 46
201 63
201 66
201 81
201 92
201 115
201 136
201 137
201 145
201 151
201 168
201 169
201 177
201 203
201 218
201 228
201 232
201 251
201 258
201 265
201 275
201 277
201 281
202 14
202 30
202 33
202 42
202 56
202 59
202 65
202 73
202 80
202 85
202 89
202 94
202 97
202 98
202 110
202 112
202 148
202 166
202 178
202 182
202 187
202 204
202 218
202 220
202 242
202 250
202 255
202 261
202 268
202 277
202 293
202 295
202 299
203 1
203 3
203 6
203 17
203 18
203 23
203 24
203 28
203 32
203 34
203 61
203 78
203 102
203 115
203 117
203 129
203 135
203 151
203 153
203 163
203 171
203 179
203 198
203 219
203 230
203 236
203 240
203 267
203 293
204 22
204 23
204 26
204 33
204 35
204 49
204 56
204 57
204 61
204 82
204 83
204 99
204 109
204 116
204 120
204 123
204 126
204 142
204 154
204 182
204 202
204 209
204 225
204 226
204 227
204 230
204 241
204 243
204 246
204 257
204 259
204 265
204 284
205 9
205 20
205 40
205 51
205 56
205 76
205 101
205 108
205 109
205 116
205 127
205 168
205 172
205 176
205 184
205 194
205 195
205 200
205 201
205 224
205 225
205 226
205 245
205 248
205 258
205 266
205 271
205 273
205 286
205 295
205 296
205 297
206 24
206 56
206 57
206 59
206 72
206 85
206 103
206 108
206 111
206 118
206 121
206 134
206 151
206 180
206 182
206 208
206 214
206 226
206 255
206 266
206 288
207 8
207 12
207 19
207 20
207 36
207 37
207 50
207 52
207 56
207 79
207 94
207 117
207 123
207 144
207 154
207 159
207 167
207 182
207 187
207 192
207 195
207 200
207 225
207 233
207 242
207 260
207 274
207 286
208 1
208 9
208 11
208 18
208 20
208 23
208 24
208 25
208 51
208 70
208 73
208 79
208 80
208 107
208 116
208 135
208 139
208 143
208 147
208 165
208 175
208 179
208 187
208 200
208 214
208 240
208 246
208 255
208 263
208 265
208 269
208 275
208 276
208 291
208 296
209 9
209 10
209 50
209 64
209 107
209 118
209 142
209 145
209 149
209 151
209 153
209 157
209 165
209 170
209 180
209 188
209 191
209 201
209 210
209 236
209 243
209 262
209 292
210 1
210 4
210 31
210 33
210 41
210 44
210 48
210 51
210 54
210 57
210 65
210 78
210 83
210 95
210 98
210 103
210 105
210 106
210 112
210 117
210 127
210 147
210 151
210 159
210 183
210 188
210 210
210 240
210 250
210 263
210 269
210 279
210 283
210 295
211 23
211 32
211 39
211 41
211 48
211 54
211 55
211 68
211 70
211 71
211 87
211 109
211 122
211 123
211 155
211 170
211 175
211 182
211 196
211 197
211 203
211 207
211 208
211 242
211 244
211 253
211 257
211 259
211 271
211 272
211 273
211 282
211 293
211 296
211 297
212 7
212 15
212 17
212 19
212 34
212 46
212 53
212 89
212 101
212 138
212 142
212 143
212 144
212 149
212 178
212 186
212 217
212 234
212 238
212 239
212 252
212 258
212 276
213 4
213 8
213 26
213 31
213 37
213 42
213 64
213 73
213 74
213 80
213 81
213 85
213 87
213 88
213 99
213 129
213 133
213 134
213 136
213 139
213 146
213 151
213 152
213 155
213 156
213 159
213 162
213 172
213 200
213 210
213 255
213 258
213 268
213 271
213 275
213 287
213 291
214 19
214 34
214 39
214 43
214 46
214 93
214 102
214 108
214 122
214 132
214 138
214 166
214 167
214 190
214 193
214 194
214 195
214 201
214 209
214 211
214 243
214 250
214 252
214 266
214 275
214 287
214 288
215 2
215 12
215 17
215 20
215 26
215 39
215 43
215 49
215 51
215 55
215 58
215 60
215 62
215 69
215 73
215 74
215 96
215 113
215 137
215 138
215 143
215 160
215 171
215 172
215 179
215 185
215 231
215 233
215 260
215 281
215 285
215 295
216 3
216 7
216 11
216 15
216 34
216 68
216 79
216 86
216 95
216 101
216 104
216 118
216 138
216 143
216 153
216 160
216 196
216 198
216 200
216 207
216 209
216 252
216 253
216 257
216 259
216 270
216 274
216 277
216 279
216 286
216 295
217 17
217 21
217 33
217 44
217 60
217 75
217 105
217 111
217 116
217 149
217 170
217 175
217 185
217 190
217 192
217 198
217 203
217 210
217 233
217 240
217 248
217 251
217 254
217 262
217 289
217 290
217 296
217 299
218 9
218 15
218 20
218 40
218 43
218 60
218 73
218 89
218 101
218 103
218 106
218 150
218 151
218 154
218 158
218 161
218 176
218 177
218 199
218 204
218 212
218 221
218 231
218 257
218 266
218 268
218 288
219 8
219 17
219 22
219 27
219 29
219 30
219 54
219 58
219 60
219 77
219 108
219 138
219 143
219 146
219 148
219 159
219 187
219 193
219 213
219 215
219 231
219 233
219 243
219 244
219 267
219 268
219 272
219 280
219 291
220 4
220 5
220 26
220 38
220 39
220 42
220 48
220 50
220 54
220 70
220 71
220 76
220 77
220 78
220 88
220 95
220 102
220 108
220 121
220 126
220 129
220 130
220 135
220 137
220 142
220 143
220 150
220 155
220 167
220 178
220 217
220 235
220 240
220 244
220 245
220 247
220 254
220 275
220 277
220 280
220 285
220 291
220 293
221 7
221 11
221 34
221 39
221 48
221 54
221 57
221 60
221 70
221 79
221 81
221 90
221 115
221 118
221 130
221 138
221 147
221 153
221 155
221 178
221 185
221 215
221 239
221 240
221 241
221 290
221 292
221 294
222 7
222 19
222 27
222 29
222 37
222 44
222 49
222 54
222 64
222 80
222 94
222 104
222 114
222 121
222 156
222 164
222 168
222 227
222 263
222 280
222 286
222 295
223 8
223 28
223 32
223 35
223 52
223 66
223 74
223 93
223 107
223 116
223 127
223 128
223 136
223 169
223 170
223 186
223 207
223 211
223 218
223 226
223 250
223 264
223 290
223 296
224 19
224 26
224 27
224 32
224 36
224 37
224 38
224 59
224 63
224 70
224 71
224 78
224 87
224 88
224 133
224 134
224 151
224 152
224 153
224 179
224 208
224 218
224 221
224 244
224 245
224 248
224 254
224 278
224 281
224 284
224 293
225 0
225 10
225 18
225 22
225 23
225 54
225 64
225 71
225 80
225 92
225 96
225 131
225 133
225 137
225 151
225 152
225 173
225 185
225 216
225 227
225 231
225 234
225 248
225 254
225 266
225 267
225 270
225 281
225 284
225 295
226 1
226 9
226 44
226 53
226 70
226 74
226 84
226 88
226 104
226 107
226 117
226 123
226 138
226 150
226 167
226 199
226 200
226 218
226 242
226 247
226 250
226 251
226 256
226 264
226 283
226 293
227 5
227 6
227 16
227 24
227 27
227 28
227 46
227 56
227 71
227 74
227 76
227 77
227 82
227 83
227 87
227 88
227 99
227 101
227 103
227 113
227 151
227 157
227 198
227 199
227 202
227 208
227 220
227 228
227 244
227 251
227 252
227 253
227 255
227 258
227 260
227 299
228 13
228 39
228 43
228 66
228 67
228 74
228 86
228 87
228 97
228 102
228 104
228 119
228 131
228 147
228 164
228 165
228 189
228 217
228 230
228 242
228 245
228 255
228 257
228 264
228 274
228 278
228 283
228 286
228 292
229 8
229 12
229 32
229 35
229 36
229 38
229 47
229 49
229 60
229 86
229 96
229 109
229 120
229 131
229 134
229 159
229 165
229 170
229 179
229 199
229 259
229 271
229 295
230 3
230 10
230 15
230 27
230 29
230 31
230 32
230 64
230 65
230 73
230 89
230 91
230 95
230 107
230 109
230 130
230 133
230 148
230 151
230 160
230 161
230 170
230 182
230 185
230 189
230 190
230 191
230 203
230 213
230 223
230 238
230 239
230 249
230 259
230 263
230 287
230 294
230 297
231 1
231 9
231 18
231 21
231 36
231 40
231 62
231 83
231 88
231 95
231 99
231 120
231 127
231 130
231 132
231 135
231 142
231 148
231 162
231 166
231 175
231 194
231 197
231 206
231 216
231 224
231 225
231 233
231 250
231 251
231 281
231 285
232 32
232 49
232 65
232 68
232 82
232 92
232 97
232 111
232 113
232 117
232 132
232 138
232 146
232 153
232 166
232 174
232 176
232 188
232 193
232 197
232 219
232 222
232 230
232 238
232 241
232 243
232 249
232 252
232 296
233 13
233 30
233 36
233 37
233 75
233 79
233 80
233 98
233 102
233 106
233 112
233 131
233 141
233 148
233 149
233 153
233 161
233 183
233 192
233 213
233 231
233 232
233 245
233 255
233 256
233 277
233 299
234 3
234 30
234 31
234 36
234 38
234 48
234 52
234 65
234 89
234 109
234 118
234 139
234 154
234 156
234 161
234 170
234 177
234 192
234 212
234 229
234 235
234 247
234 272
234 295
234 296
235 2
235 6
235 16
235 34
235 38
235 39
235 62
235 72
235 76
235 82
235 87
235 92
235 141
235 144
235 155
235 168
235 171
235 173
235 181
235 187
235 195
235 216
235 218
235 225
235 228
235 242
235 244
235 256
235 261
235 273
235 281
235 286
235 297
236 3
236 5
236 20
236 32
236 36
236 46
236 70
236 74
236 79
236 99
236 108
236 118
236 119
236 165
236 199
236 203
236 217
236 221
236 234
236 242
236 256
236 257
236 277
236 290
237 0
237 54
237 57
237 58
237 82
237 105
237 106
237 116
237 123
237 151
237 171
237 175
237 176
237 181
237 205
237 217
237 226
237 227
237 228
237 251
237 259
237 261
237 263
237 266
237 268
237 272
237 274
238 29
238 33
238 36
238 37
238 39
238 49
238 50
238 63
238 88
238 89
238 123
238 137
238 144
238 145
238 149
238 159
238 162
238 182
238 189
238 193
238 227
238 228
238 232
238 235
238 239
238 251
238 261
238 266
238 269
238 270
238 283
238 289
238 290
239 15
239 38
239 47
239 71
239 73
239 80
239 83
239 84
239 106
239 115
239 119
239 123
239 166
239 172
239 174
239 180
239 181
239 187
239 210
239 211
239 243
239 244
239 248
239 254
239 260
239 266
239 283
239 287
239 295
240 1
240 7
240 40
240 53
240 59
240 61
240 93
240 105
240 109
240 115
240 126
240 146
240 150
240 155
240 156
240 159
240 166
240 169
240 186
240 193
240 201
240 226
240 232
240 245
240 249
240 251
240 278
240 282
240 293
241 29
241 36
241 40
241 55
241 58
241 59
241 61
241 64
241 72
241 79
241 80
241 85
241 88
241 104
241 109
241 129
241 131
241 132
241 164
241 170
241 174
241 175
241 177
241 210
241 226
241 232
241 248
241 252
241 282
241 291
241 292
242 10
242 11
242 14
242 27
242 41
242 49
242 54
242 70
242 75
242 108
242 111
242 112
242 115
242 120
242 130
242 139
242 161
242 168
242 179
242 187
242 224
242 229
242 231
242 243
242 271
242 277
242 289
243 10
243 13
243 33
243 41
243 46
243 66
243 74
243 77
243 78
243 101
243 116
243 135
243 136
243 141
243 145
243 146
243 163
243 167
243 169
243 175
243 213
243 224
243 244
243 247
243 255
243 257
243 262
243 265
243 290
244 19
244 24
244 49
244 69
244 77
244 79
244 80
244 93
244 100
244 106
244 111
244 113
244 119
244 120
244 123
244 136
244 139
244 140
244 145
244 148
244 161
244 165
244 176
244 198
244 209
244 214
244 218
244 226
244 228
244 233
244 234
244 236
244 277
244 280
244 294
245 10
245 13
245 46
245 48
245 52
245 54
245 68
245 77
245 80
245 88
245 91
245 103
245 153
245 167
245 178
245 187
245 205
245 209
245 210
245 219
245 220
245 224
245 233
245 251
245 260
245 266
245 267
245 270
245 272
245 286
245 295
246 8
246 10
246 14
246 21
246 22
246 57
246 64
246 68
246 77
246 78
246 82
246 107
246 111
246 131
246 138
246 142
246 143
246 151
246 158
246 164
246 173
246 176
246 182
246 184
246 186
246 195
246 197
246 198
246 209
246 210
246 217
246 256
246 280
246 282
247 4
247 31
247 40
247 53
247 55
247 56
247 70
247 74
247 116
247 117
247 131
247 132
247 140
247 142
247 147
247 153
247 160
247 171
247 182
247 189
247 197
247 198
247 203
247 205
247 208
247 210
247 223
247 234
247 246
247 259
247 264
247 267
247 279
247 284
247 291
247 297
248 4
248 13
248 18
248 25
248 33
248 41
248 46
248 64
248 98
248 119
248 129
248 130
248 136
248 138
248 146
248 148
248 152
248 156
248 168
248 174
248 187
248 237
248 241
248 254
248 259
248 268
248 274
248 279
248 281
248 286
248 289
248 295
249 2
249 3
249 7
249 23
249 28
249 46
249 57
249 63
249 64
249 75
249 88
249 93
249 101
249 109
249 111
249 114
249 138
249 145
249 156
249 183
249 227
249 251
249 263
249 264
249 272
249 274
250 1
250 4
250 14
250 52
250 53
250 79
250 90
250 91
250 100
250 107
250 108
250 121
250 128
250 134
250 141
250 142
250 145
250 153
250 166
250 170
250 177
250 179
250 200
250 210
250 232
250 244
250 254
250 256
250 271
250 273
250 278
250 297
250 299
251 12
251 20
251 23
251 26
251 35
251 37
251 49
251 51
251 67
251 72
251 85
251 90
251 91
251 110
251 119
251 128
251 129
251 130
251 137
251 153
251 159
251 162
251 172
251 185
251 194
251 204
251 220
251 228
251 230
251 234
251 264
251 275
251 279
251 282
251 290
252 1
252 4
252 5
252 11
252 22
252 26
252 29
252 68
252 79
252 81
252 119
252 122
252 127
252 129
252 140
252 147
252 153
252 166
252 170
252 173
252 185
252 191
252 194
252 197
252 198
252 200
252 208
252 236
252 238
252 247
252 248
252 249
252 253
252 257
252 259
252 263
252 267
252 275
252 291
252 296
253 8
253 12
253 37
253 41
253 54
253 56
253 62
253 65
253 71
253 72
253 77
253 82
253 126
253 145
253 153
253 162
253 176
253 199
253 217
253 221
253 223
253 235
253 242
253 247
253 255
253 261
253 267
253 274
253 287
254 10
254 11
254 17
254 21
254 26
254 29
254 38
254 39
254 42
254 56
254 69
254 70
254 77
254 83
254 94
254 99
254 103
254 114
254 118
254 148
254 156
254 157
254 158
254 169
254 188
254 195
254 196
254 201
254 214
254 215
254 219
254 236
254 249
254 252
254 259
254 262
254 266
254 271
254 274
254 290
254 295
255 8
255 19
255 31
255 35
255 66
255 75
255 85
255 93
255 104
255 121
255 133
255 136
255 147
255 155
255 159
255 160
255 164
255 173
255 176
255 191
255 192
255 212
255 217
255 228
255 235
255 239
255 240
255 248
255 256
255 265
256 20
256 24
256 25
256 35
256 36
256 94
256 96
256 121
256 124
256 129
256 143
256 145
256 152
256 158
256 160
256 170
256 173
256 192
256 195
256 211
256 218
256 225
256 229
256 230
256 237
256 241
256 252
256 262
256 273
257 2
257 6
257 8
257 22
257 44
257 68
257 89
257 92
257 107
257 118
257 135
257 159
257 163
257 166
257 170
257 190
257 196
257 216
257 228
257 245
257 246
257 251
257 254
257 277
257 285
257 289
257 295
258 18
258 34
258 36
258 46
258 49
258 53
258 61
258 74
258 76
258 81
258 87
258 93
258 101
258 108
258 116
258 122
258 150
258 152
258 163
258 170
258 173
258 175
258 184
258 186
258 190
258 216
258 217
258 220
258 229
258 236
258 239
258 242
258 244
258 245
258 249
258 253
258 254
258 281
258 285
258 292
258 296
259 2
259 18
259 20
259 26
259 74
259 75
259 76
259 84
259 90
259 92
259 95
259 106
259 127
259 136
259 174
259 176
259 186
259 197
259 210
259 235
259 245
259 291
260 5
260 8
260 44
260 46
260 48
260 61
260 66
260 70
260 101
260 121
260 132
260 135
260 142
260 145
260 151
260 180
260 183
260 190
260 194
260 225
260 228
260 246
260 248
260 259
260 263
260 265
260 275
260 289
260 298
261 16
261 22
261 28
261 29
261 33
261 39
261 41
261 60
261 64
261 70
261 106
261 126
261 135
261 140
261 143
261 193
261 201
261 213
261 220
261 230
261 232
261 234
261 235
261 243
261 251
261 259
261 299
262 5
262 9
262 29
262 66
262 81
262 85
262 88
262 89
262 119
262 131
262 147
262 155
262 158
262 173
262 204
262 209
262 219
262 236
262 245
262 253
262 257
262 269
263 8
263 14
263 18
263 27
263 34
263 36
263 44
263 45
263 48
263 51
263 82
263 85
263 88
263 92
263 106
263 107
263 115
263 118
263 123
263 142
263 149
263 151
263 156
263 165
263 179
263 181
263 186
263 205
263 210
263 229
263 235
263 237
263 250
263 255
263 268
263 274
263 278
263 279
263 292
263 293
263 299
264 5
264 8
264 24
264 31
264 35
264 39
264 41
264 48
264 104
264 110
264 120
264 129
264 132
264 134
264 139
264 150
264 151
264 152
264 157
264 169
264 185
264 202
264 212
264 216
264 273
264 281
264 289
264 292
265 1
265 9
265 42
265 52
265 80
265 89
265 98
265 102
265 118
265 121
265 125
265 130
265 185
265 192
265 211
265 213
265 214
265 215
265 242
265 247
265 251
265 252
265 253
265 263
265 285
265 294
265 298
266 7
266 28
266 29
266 30
266 58
266 60
266 62
266 64
266 74
266 78
266 85
266 86
266 96
266 122
266 142
266 143
266 144
266 156
266 166
266 182
266 189
266 198
266 211
266 216
266 249
266 263
266 265
266 269
267 1
267 5
267 26
267 27
267 44
267 48
267 55
267 59
267 65
267 74
267 75
267 85
267 131
267 132
267 139
267 154
267 178
267 184
267 195
267 223
267 226
267 241
267 243
267 249
267 262
267 267
267 284
267 286
267 288
268 4
268 13
268 15
268 22
268 24
268 35
268 36
268 40
268 54
268 60
268 64
268 70
268 72
268 85
268 92
268 99
268 113
268 121
268 124
268 129
268 131
268 144
268 158
268 167
268 183
268 184
268 185
268 194
268 203
268 228
268 244
268 251
268 262
268 269
268 275
268 296
269 4
269 20
269 31
269 39
269 41
269 45
269 51
269 53
269 61
269 67
269 86
269 109
269 120
269 145
269 146
269 164
269 187
269 197
269 220
269 246
269 281
270 12
270 47
270 60
270 64
270 75
270 85
270 108
270 122
270 151
270 158
270 164
270 172
270 175
270 180
270 220
270 234
270 238
270 275
270 277
270 282
270 285
270 286
271 1
271 7
271 25
271 42
271 55
271 76
271 83
271 85
271 104
271 107
271 114
271 124
271 134
271 140
271 173
271 198
271 203
271 215
271 216
271 244
271 251
271 259
271 278
271 284
271 289
272 5
272 12
272 48
272 56
272 58
272 87
272 94
272 101
272 141
272 159
272 176
272 181
272 184
272 190
272 196
272 201
272 207
272 216
272 222
272 253
272 259
272 280
272 294
272 298
273 2
273 20
273 53
273 56
273 76
273 77
273 88
273 140
273 141
273 149
273 152
273 159
273 161
273 163
273 177
273 185
273 214
273 228
273 243
273 246
273 249
273 264
273 272
273 280
273 289
273 293
274 5
274 7
274 16
274 32
274 45
274 57
274 64
274 71
274 82
274 92
274 94
274 105
274 111
274 118
274 134
274 147
274 165
274 172
274 174
274 175
274 204
274 209
274 218
274 237
274 238
274 239
274 248
274 274
274 289
274 292
274 295
275 2
275 7
275 15
275 17
275 18
275 28
275 34
275 45
275 66
275 87
275 117
275 118
275 126
275 156
275 158
275 169
275 170
275 207
275 211
275 241
275 243
275 245
275 263
275 268
275 279
275 288
276 3
276 21
276 23
276 32
276 49
276 57
276 62
276 66
276 68
276 70
276 71
276 74
276 79
276 93
276 94
276 111
276 127
276 131
276 154
276 163
276 167
276 176
276 186
276 194
276 206
276 209
276 215
276 237
276 258
276 271
276 293
277 6
277 30
277 33
277 45
277 60
277 75
277 76
277 77
277 82
277 88
277 117
277 119
277 120
277 136
277 157
277 159
277 162
277 196
277 199
277 215
277 236
277 239
277 250
277 253
277 259
277 266
277 269
277 288
277 292
277 296
278 4
278 9
278 12
278 18
278 19
278 20
278 21
278 24
278 46
278 47
278 49
278 61
278 72
278 74
278 86
278 105
278 117
278 119
278 128
278 132
278 136
278 176
278 195
278 201
278 205
278 217
278 240
278 244
278 257
278 261
278 297
279 17
279 18
279 26
279 49
279 91
279 119
279 145
279 162
279 171
279 179
279 181
279 186
279 210
279 231
279 232
279 238
279 252
279 254
279 258
279 261
279 277
279 285
279 288
280 32
280 42
280 44
280 50
280 60
280 62
280 73
280 76
280 98
280 111
280 118
280 125
280 128
280 132
280 134
280 142
280 152
280 160
280 167
280 193
280 202
280 209
280 210
280 217
280 224
280 228
280 230
280 233
280 240
280 242
280 253
280 261
280 265
280 279
281 10
281 19
281 21
281 32
281 33
281 35
281 38
281 55
281 88
281 101
281 118
281 126
281 132
281 145
281 154
281 160
281 168
281 176
281 177
281 190
281 193
281 194
281 201
281 211
281 226
281 237
281 250
281 263
281 268
281 281
281 296
282 14
282 17
282 24
282 31
282 44
282 48
282 54
282 64
282 76
282 84
282 89
282 99
282 100
282 120
282 122
282 124
282 125
282 127
282 136
282 142
282 165
282 174
282 204
282 206
282 220
282 231
282 237
282 245
282 267
282 268
282 295
283 25
283 38
283 43
283 44
283 49
283 50
283 51
283 81
283 86
283 101
283 102
283 111
283 126
283 132
283 137
283 145
283 153
283 180
283 181
283 188
283 205
283 206
283 220
283 235
283 242
283 265
283 269
284 25
284 32
284 46
284 47
284 48
284 56
284 60
284 61
284 72
284 76
284 124
284 126
284 127
284 165
284 178
284 180
284 191
284 192
284 205
284 207
284 208
284 212
284 218
284 230
284 247
284 264
