200 200 6136 29583
472 475 90 139 160 380 440 409 204 243 301 512 274 238 108 283 463 111 415 57 44 82 501 323 225 258 274 203 332 87 258 290 286 230 111 149 376 276 294 146 44 226 87 234 361 325 317 411 93 369 176 507 464 197 279 520 387 170 482 352 109 145 459 451 204 270 195 236 274 490 388 371 390 80 288 225 231 321 316 30 393 510 143 490 25 445 304 273 80 460 119 101 285 448 370 323 370 142 161 517 174 237 56 164 483 454 245 234 96 470 442 293 179 242 250 276 104 269 200 87 483 288 492 315 275 128 376 130 479 228 162 106 411 503 514 344 28 409 29 315 75 389 425 195 231 106 173 229 386 395 175 408 420 226 44 335 306 490 242 345 393 416 182 315 116 344 364 184 288 137 351 520 99 68 268 283 494 55 509 407 262 419 426 431 87 179 250 513 109 507 223 384 232 225 150 356 143 194 489 103 
319 96 182 264 276 225 66 236 170 22 189 308 74 97 231 242 92 47 130 135 136 68 331 42 103 255 35 320 145 81 290 150 236 246 188 40 208 331 293 107 297 104 173 330 308 186 13 212 283 186 259 21 214 245 14 287 93 194 159 91 174 320 240 86 60 263 72 167 267 249 122 14 213 191 151 83 244 296 269 17 283 110 124 80 176 274 107 315 144 154 219 224 114 14 319 50 284 59 286 241 282 18 168 277 62 235 268 284 220 116 169 316 103 193 28 45 177 203 151 110 304 212 175 254 77 187 316 300 143 202 264 33 68 123 160 148 62 146 166 222 262 27 21 84 49 256 66 123 278 234 112 115 218 213 19 213 32 255 95 156 74 32 143 237 11 81 28 54 31 293 293 326 87 190 231 139 151 177 122 132 306 242 179 103 222 331 255 66 327 83 285 307 267 289 199 89 212 178 147 320 
0 14
0 23
0 34
0 48
0 49
0 56
0 66
0 68
0 71
0 73
0 74
0 83
0 98
0 106
0 110
0 119
0 128
0 138
0 141
0 144
0 148
0 151
0 178
0 186
0 196
1 1
1 2
1 6
1 9
1 15
1 17
1 23
1 26
1 36
1 42
1 44
1 53
1 59
1 71
1 72
1 74
1 76
1 83
1 87
1 89
1 94
1 101
1 112
1 117
1 121
1 124
1 132
1 137
1 146
1 150
1 151
1 154
1 169
1 180
1 186
1 190
1 191
1 199
2 9
2 10
2 11
2 21
2 23
2 24
2 27
2 44
2 46
2 50
2 58
2 67
2 69
2 74
2 81
2 84
2 103
2 108
2 112
2 122
2 129
2 154
2 159
2 160
2 169
2 179
2 183
2 184
2 192
3 5
3 9
3 27
3 31
3 37
3 42
3 47
3 59
3 61
3 64
3 83
3 94
3 97
3 100
3 101
3 103
3 107
3 109
3 115
3 125
3 131
3 136
3 139
3 141
3 142
3 152
3 157
3 158
3 168
3 169
3 172
3 175
3 176
3 178
3 192
4 5
4 7
4 10
4 22
4 28
4 36
4 42
4 49
4 58
4 69
4 71
4 75
4 79
4 91
4 98
4 104
4 108
4 145
4 147
4 150
4 151
4 161
4 163
4 164
4 167
4 169
4 186
5 2
5 6
5 10
5 13
5 17
5 18
5 21
5 27
5 32
5 41
5 50
5 53
5 55
5 66
5 68
5 81
5 86
5 89
5 104
5 106
5 125
5 138
5 147
5 160
5 171
5 173
5 179
5 181
5 184
5 190
5 194
6 1
6 5
6 14
6 20
6 25
6 38
6 41
6 66
6 74
6 78
6 86
6 111
6 113
6 119
6 123
6 145
6 149
6 150
6 157
6 161
6 168
6 169
6 182
6 186
6 189
6 195
7 8
7 11
7 15
7 24
7 27
7 43
7 47
7 52
7 66
7 71
7 75
7 78
7 79
7 80
7 84
7 88
7 91
7 92
7 99
7 101
7 104
7 111
7 112
7 118
7 122
7 125
7 144
7 148
7 169
7 170
7 176
7 181
7 183
8 1
8 2
8 6
8 9
8 10
8 17
8 26
8 31
8 40
8 52
8 55
8 58
8 60
8 61
8 66
8 70
8 71
8 86
8 90
8 95
8 106
8 118
8 119
8 127
8 137
8 147
8 153
8 160
8 168
8 175
8 176
8 178
8 186
8 190
9 1
9 14
9 26
9 39
9 44
9 48
9 56
9 59
9 62
9 63
9 68
9 78
9 83
9 89
9 94
9 95
9 96
9 104
9 116
9 124
9 126
9 130
9 137
9 142
9 152
9 153
9 155
9 163
9 164
9 171
9 175
9 177
9 179
9 181
9 184
9 190
9 197
9 199
10 6
10 9
10 17
10 20
10 31
10 55
10 58
10 59
10 64
10 82
10 90
10 91
10 93
10 96
10 97
10 99
10 103
10 117
10 138
10 149
10 150
10 167
10 170
10 174
10 180
10 187
11 20
11 22
11 23
11 27
11 37
11 39
11 53
11 66
11 72
11 78
11 80
11 83
11 106
11 110
11 111
11 115
11 130
11 154
11 163
11 173
11 182
11 186
11 187
11 193
11 194
12 1
12 15
12 19
12 24
12 26
12 29
12 38
12 45
12 47
12 60
12 65
12 69
12 78
12 80
12 88
12 89
12 96
12 102
12 113
12 117
12 125
12 126
12 142
12 163
12 183
12 185
13 8
13 9
13 15
13 24
13 25
13 28
13 31
13 37
13 49
13 52
13 61
13 64
13 72
13 74
13 96
13 108
13 111
13 114
13 128
13 129
13 140
13 151
13 162
13 163
13 168
13 173
13 175
13 177
13 181
14 0
14 5
14 11
14 17
14 18
14 20
14 22
14 27
14 31
14 38
14 40
14 49
14 56
14 67
14 80
14 87
14 95
14 98
14 108
14 120
14 133
14 141
14 150
14 151
14 155
14 160
14 172
14 178
14 183
15 1
15 12
15 24
15 31
15 36
15 40
15 44
15 45
15 48
15 49
15 50
15 57
15 65
15 72
15 78
15 85
15 86
15 107
15 119
15 124
15 137
15 140
15 142
15 143
15 173
15 180
15 181
15 182
15 183
15 184
15 185
15 191
15 194
16 0
16 1
16 3
16 4
16 10
16 15
16 16
16 19
16 21
16 31
16 34
16 38
16 40
16 43
16 56
16 62
16 100
16 106
16 108
16 110
16 112
16 135
16 143
16 146
16 150
16 152
16 155
16 156
16 159
16 163
16 186
16 187
16 194
16 195
17 6
17 23
17 42
17 49
17 59
17 73
17 79
17 96
17 102
17 110
17 115
17 120
17 123
17 142
17 146
17 158
17 164
17 165
17 166
17 167
17 170
17 178
17 179
17 181
17 184
17 188
17 191
17 197
17 198
18 2
18 6
18 11
18 16
18 19
18 25
18 29
18 33
18 36
18 40
18 43
18 46
18 69
18 78
18 82
18 90
18 93
18 94
18 100
18 105
18 106
18 109
18 120
18 125
18 131
18 132
18 135
18 136
18 141
18 145
18 146
18 157
18 164
18 167
18 169
18 170
18 171
18 174
18 193
19 4
19 14
19 22
19 29
19 33
19 35
19 37
19 40
19 46
19 48
19 49
19 61
19 63
19 66
19 75
19 79
19 82
19 84
19 86
19 103
19 110
19 111
19 115
19 117
19 118
19 130
19 132
19 134
19 143
19 144
19 163
19 189
19 191
19 193
20 15
20 16
20 21
20 22
20 25
20 26
20 28
20 39
20 53
20 56
20 64
20 67
20 76
20 77
20 81
20 83
20 84
20 86
20 88
20 94
20 99
20 101
20 104
20 105
20 114
20 116
20 118
20 129
20 135
20 139
20 145
20 148
20 161
20 164
20 169
20 170
20 178
20 181
20 184
20 199
21 7
21 16
21 20
21 25
21 36
21 38
21 42
21 52
21 53
21 66
21 77
21 78
21 83
21 85
21 86
21 96
21 100
21 108
21 117
21 118
21 127
21 137
21 139
21 159
21 169
21 176
21 183
21 197
22 0
22 11
22 12
22 37
22 39
22 41
22 49
22 52
22 54
22 59
22 62
22 70
22 74
22 75
22 78
22 89
22 93
22 97
22 104
22 110
22 116
22 118
22 137
22 138
22 151
22 157
22 168
22 173
22 179
22 183
22 186
22 189
23 19
23 22
23 27
23 28
23 39
23 45
23 72
23 74
23 77
23 82
23 88
23 99
23 100
23 102
23 109
23 112
23 114
23 129
23 130
23 135
23 142
23 145
23 146
23 158
23 163
23 164
23 171
23 172
23 180
23 181
23 182
23 192
23 196
24 21
24 24
24 26
24 27
24 31
24 45
24 51
24 59
24 65
24 73
24 76
24 85
24 93
24 110
24 113
24 121
24 130
24 136
24 142
24 149
24 157
24 167
24 168
24 176
24 181
24 184
24 191
24 198
24 199
25 0
25 4
25 19
25 20
25 28
25 29
25 40
25 45
25 49
25 57
25 67
25 81
25 94
25 101
25 103
25 108
25 120
25 129
25 131
25 140
25 162
25 186
25 189
25 191
26 1
26 16
26 20
26 21
26 22
26 26
26 31
26 34
26 37
26 38
26 42
26 46
26 60
26 67
26 85
26 98
26 114
26 125
26 134
26 135
26 141
26 150
26 154
26 161
26 164
26 170
26 181
26 184
26 194
26 196
27 0
27 23
27 31
27 62
27 66
27 75
27 82
27 86
27 90
27 94
27 95
27 101
27 104
27 118
27 122
27 125
27 132
27 138
27 143
27 144
27 149
27 153
27 156
27 158
27 164
27 168
27 172
27 179
27 180
27 194
28 0
28 4
28 6
28 16
28 21
28 24
28 31
28 34
28 44
28 47
28 58
28 61
28 71
28 73
28 75
28 79
28 80
28 83
28 89
28 98
28 103
28 130
28 132
28 136
28 146
28 148
28 149
28 150
28 151
28 153
28 162
28 168
28 170
28 193
28 198
29 1
29 27
29 38
29 52
29 60
29 65
29 74
29 81
29 95
29 99
29 108
29 125
29 135
29 143
29 146
29 163
29 164
29 176
29 187
29 199
30 4
30 9
30 15
30 21
30 30
30 43
30 54
30 59
30 60
30 68
30 70
30 84
30 91
30 98
30 102
30 122
30 123
30 143
30 146
30 149
30 161
30 166
30 198
30 199
31 14
31 16
31 19
31 26
31 28
31 45
31 47
31 61
31 64
31 66
31 74
31 79
31 80
31 86
31 92
31 98
31 101
31 107
31 114
31 121
31 125
31 127
31 131
31 149
31 153
31 154
31 157
31 159
31 172
31 175
31 180
31 181
31 184
31 194
31 198
32 11
32 15
32 23
32 26
32 50
32 54
32 57
32 60
32 82
32 91
32 92
32 107
32 110
32 111
32 120
32 124
32 131
32 134
32 142
32 162
32 196
32 198
33 8
33 30
33 32
33 35
33 40
33 50
33 54
33 60
33 65
33 66
33 78
33 79
33 102
33 107
33 108
33 110
33 112
33 129
33 136
33 140
33 156
33 159
33 168
33 178
33 185
33 195
34 7
34 9
34 12
34 15
34 24
34 30
34 34
34 38
34 41
34 51
34 52
34 53
34 58
34 63
34 66
34 67
34 82
34 86
34 96
34 112
34 121
34 127
34 138
34 141
34 151
34 152
34 153
34 154
34 161
34 166
34 167
34 174
34 175
34 184
34 185
34 189
34 194
34 199
35 21
35 24
35 30
35 35
35 38
35 39
35 45
35 57
35 60
35 64
35 69
35 75
35 79
35 85
35 93
35 100
35 110
35 118
35 124
35 127
35 128
35 131
35 133
35 134
35 157
35 158
35 159
35 170
35 174
35 176
35 183
35 184
35 185
36 4
36 5
36 19
36 25
36 32
36 47
36 48
36 51
36 52
36 60
36 72
36 74
36 76
36 78
36 82
36 86
36 97
36 103
36 106
36 108
36 115
36 119
36 120
36 124
36 135
36 136
36 147
36 150
36 153
36 156
36 157
36 160
36 164
36 165
36 167
36 175
36 177
36 179
36 180
36 193
36 194
37 2
37 6
37 17
37 20
37 25
37 44
37 49
37 56
37 58
37 62
37 63
37 67
37 70
37 75
37 81
37 82
37 84
37 95
37 105
37 108
37 114
37 117
37 129
37 134
37 141
37 144
37 154
37 162
37 174
37 187
38 13
38 22
38 24
38 25
38 41
38 43
38 75
38 79
38 82
38 86
38 89
38 95
38 101
38 116
38 122
38 135
38 150
38 151
38 156
38 157
38 161
38 165
38 166
38 175
38 186
38 190
38 195
38 196
39 10
39 19
39 26
39 37
39 43
39 44
39 45
39 46
39 49
39 56
39 66
39 67
39 69
39 70
39 78
39 79
39 86
39 95
39 104
39 109
39 118
39 120
39 122
39 136
39 138
39 140
39 141
39 145
39 153
39 157
39 167
39 178
39 180
39 181
39 198
40 1
40 17
40 33
40 41
40 45
40 53
40 54
40 57
40 61
40 64
40 73
40 83
40 85
40 91
40 94
40 96
40 101
40 103
40 111
40 117
40 119
40 132
40 136
40 137
40 140
40 144
40 151
40 152
40 158
40 162
40 167
40 187
40 197
41 3
41 6
41 11
41 18
41 23
41 30
41 40
41 43
41 46
41 49
41 55
41 63
41 107
41 111
41 124
41 126
41 132
41 134
41 135
41 137
41 140
41 142
41 144
41 145
41 147
41 161
41 165
41 176
41 181
41 186
41 187
41 194
41 199
42 10
42 14
42 21
42 22
42 29
42 35
42 46
42 53
42 54
42 85
42 86
42 92
42 97
42 102
42 105
42 115
42 129
42 136
42 137
42 139
42 140
42 146
42 154
42 156
42 164
42 167
42 171
42 173
42 176
42 177
42 178
42 179
42 195
42 196
43 1
43 14
43 43
43 50
43 60
43 61
43 66
43 73
43 76
43 77
43 83
43 84
43 86
43 93
43 100
43 115
43 124
43 129
43 144
43 145
43 155
43 157
43 158
43 169
43 170
43 174
43 180
44 10
44 16
44 22
44 26
44 40
44 51
44 52
44 53
44 71
44 78
44 81
44 102
44 103
44 107
44 111
44 121
44 149
44 165
44 172
44 173
44 197
45 18
45 24
45 45
45 47
45 48
45 63
45 68
45 78
45 91
45 94
45 101
45 119
45 140
45 143
45 151
45 161
45 177
45 179
45 189
45 190
45 192
45 193
45 194
45 197
46 2
46 6
46 14
46 30
46 35
46 48
46 49
46 61
46 62
46 79
46 93
46 104
46 112
46 115
46 118
46 146
46 147
46 153
46 159
46 161
46 163
46 169
46 170
46 179
46 198
47 10
47 15
47 16
47 19
47 21
47 32
47 48
47 52
47 61
47 71
47 80
47 88
47 90
47 100
47 102
47 108
47 113
47 115
47 121
47 141
47 157
47 160
47 186
47 187
47 192
48 1
48 6
48 18
48 25
48 28
48 29
48 47
48 49
48 52
48 59
48 60
48 68
48 73
48 75
48 93
48 97
48 110
48 112
48 113
48 140
48 147
48 151
48 157
48 166
48 180
48 185
49 5
49 6
49 30
49 32
49 47
49 67
49 69
49 72
49 77
49 78
49 88
49 108
49 110
49 130
49 131
49 144
49 150
49 164
49 176
49 192
49 193
49 194
49 198
50 10
50 15
50 16
50 18
50 27
50 36
50 41
50 42
50 46
50 48
50 51
50 66
50 72
50 73
50 80
50 86
50 91
50 93
50 110
50 115
50 121
50 123
50 140
50 148
50 151
50 153
50 156
50 168
50 169
50 184
50 196
51 10
51 13
51 14
51 25
51 26
51 27
51 34
51 36
51 39
51 42
51 47
51 58
51 72
51 81
51 82
51 85
51 89
51 96
51 112
51 114
51 121
51 134
51 136
51 140
51 145
51 149
51 151
51 154
51 158
51 163
51 164
51 170
51 171
51 178
51 182
51 185
51 186
51 197
52 6
52 15
52 19
52 20
52 25
52 29
52 32
52 35
52 43
52 44
52 58
52 63
52 65
52 76
52 84
52 91
52 94
52 101
52 107
52 108
52 110
52 113
52 114
52 127
52 136
52 139
52 151
52 171
52 175
52 182
52 183
52 185
52 194
52 196
52 199
53 1
53 2
53 4
53 7
53 24
53 29
53 42
53 84
53 92
53 97
53 119
53 122
53 130
53 137
53 147
53 157
53 168
53 170
53 171
53 173
53 174
53 181
53 183
53 189
53 194
54 2
54 3
54 11
54 14
54 25
54 26
54 30
54 43
54 45
54 62
54 65
54 79
54 81
54 83
54 98
54 103
54 107
54 113
54 115
54 126
54 137
54 138
54 141
54 153
54 164
54 172
54 173
54 176
54 183
54 188
54 194
55 8
55 10
55 23
55 29
55 32
55 42
55 77
55 79
55 84
55 85
55 88
55 98
55 99
55 117
55 118
55 122
55 128
55 149
55 156
55 168
55 170
55 178
55 194
55 195
55 198
56 3
56 6
56 9
56 10
56 19
56 26
56 31
56 32
56 37
56 44
56 45
56 46
56 51
56 57
56 58
56 67
56 72
56 83
56 90
56 96
56 98
56 104
56 107
56 113
56 139
56 143
56 150
56 155
56 156
56 160
56 162
56 163
56 179
56 180
56 196
57 9
57 11
57 15
57 16
57 17
57 28
57 42
57 47
57 73
57 77
57 85
57 99
57 100
57 111
57 124
57 129
57 130
57 133
57 138
57 159
57 187
58 14
58 17
58 27
58 31
58 34
58 36
58 49
58 56
58 66
58 67
58 80
58 87
58 88
58 92
58 94
58 97
58 99
58 105
58 120
58 124
58 136
58 137
58 138
58 148
58 171
58 176
58 179
58 187
58 188
59 7
59 15
59 32
59 45
59 47
59 48
59 51
59 52
59 62
59 73
59 79
59 84
59 91
59 96
59 103
59 106
59 111
59 114
59 123
59 138
59 160
59 198
60 12
60 18
60 19
60 28
60 49
60 56
60 57
60 59
60 78
60 82
60 85
60 94
60 106
60 114
60 121
60 139
60 143
60 150
60 174
60 178
60 182
60 189
61 5
61 16
61 19
61 21
61 24
61 29
61 33
61 36
61 42
61 46
61 50
61 53
61 61
61 63
61 66
61 71
61 73
61 74
61 78
61 79
61 99
61 102
61 116
61 117
61 123
61 124
61 125
61 126
61 129
61 143
61 147
61 152
61 166
61 168
61 175
61 188
61 194
62 5
62 11
62 16
62 29
62 33
62 39
62 42
62 46
62 51
62 54
62 69
62 70
62 71
62 82
62 97
62 109
62 127
62 129
62 131
62 135
62 138
62 141
62 142
62 143
62 145
62 156
62 163
62 173
62 177
62 178
62 182
62 183
62 185
62 188
62 189
63 7
63 12
63 14
63 15
63 17
63 23
63 32
63 38
63 49
63 59
63 66
63 70
63 95
63 102
63 114
63 115
63 116
63 117
63 118
63 135
63 137
63 145
63 146
63 150
63 152
63 156
63 158
63 160
63 162
63 166
63 189
63 195
64 1
64 5
64 12
64 16
64 26
64 34
64 35
64 36
64 37
64 38
64 46
64 48
64 51
64 55
64 56
64 77
64 89
64 107
64 116
64 117
64 126
64 135
64 136
64 137
64 154
64 159
64 173
64 181
64 196
65 17
65 20
65 31
65 32
65 43
65 50
65 64
65 70
65 76
65 77
65 78
65 80
65 83
65 85
65 86
65 97
65 103
65 108
65 123
65 140
65 143
65 149
65 159
65 165
65 176
65 184
65 185
65 188
65 189
65 195
65 198
65 199
66 5
66 16
66 17
66 19
66 27
66 43
66 47
66 48
66 50
66 52
66 56
66 62
66 79
66 81
66 85
66 99
66 105
66 109
66 126
66 137
66 140
66 151
66 154
66 159
66 172
66 174
66 181
66 186
66 187
67 3
67 9
67 11
67 15
67 18
67 22
67 24
67 29
67 36
67 39
67 42
67 48
67 56
67 59
67 63
67 69
67 70
67 72
67 87
67 107
67 115
67 122
67 127
67 134
67 142
67 145
67 150
67 162
67 163
67 165
67 169
67 176
67 181
67 191
67 192
67 196
68 22
68 23
68 38
68 41
68 48
68 50
68 51
68 58
68 60
68 63
68 65
68 69
68 87
68 93
68 95
68 102
68 111
68 113
68 124
68 131
68 140
68 144
68 154
68 162
68 169
68 171
68 178
68 181
68 191
68 194
68 198
69 7
69 12
69 15
69 20
69 30
69 32
69 45
69 56
69 69
69 77
69 86
69 87
69 92
69 97
69 99
69 105
69 110
69 126
69 133
69 137
69 141
69 142
69 143
69 154
69 155
69 168
69 173
69 174
69 177
69 184
69 185
69 187
69 189
69 192
69 197
70 6
70 29
70 33
70 35
70 43
70 55
70 62
70 66
70 76
70 103
70 110
70 116
70 120
70 136
70 140
70 146
70 152
70 161
70 173
70 177
70 180
70 189
70 194
70 196
70 197
71 0
71 5
71 7
71 12
71 17
71 19
71 20
71 41
71 44
71 62
71 77
71 79
71 81
71 82
71 88
71 102
71 104
71 108
71 112
71 118
71 121
71 125
71 129
71 153
71 157
71 159
71 163
71 171
72 15
72 46
72 50
72 58
72 70
72 73
72 77
72 91
72 106
72 107
72 120
72 122
72 125
72 157
72 161
72 175
72 188
72 189
72 196
73 11
73 13
73 16
73 24
73 27
73 28
73 29
73 31
73 33
73 37
73 48
73 53
73 63
73 67
73 72
73 94
73 95
73 109
73 110
73 113
73 114
73 126
73 127
73 135
73 140
73 157
73 158
73 171
73 178
73 184
73 186
73 198
74 9
74 12
74 21
74 22
74 24
74 27
74 33
74 34
74 41
74 48
74 53
74 56
74 62
74 63
74 65
74 68
74 76
74 83
74 88
74 89
74 93
74 99
74 100
74 110
74 112
74 116
74 119
74 122
74 135
74 139
74 146
74 149
74 153
74 154
74 169
74 186
74 192
74 197
74 199
75 0
75 3
75 17
75 36
75 38
75 45
75 47
75 48
75 58
75 64
75 67
75 71
75 85
75 86
75 89
75 90
75 94
75 104
75 108
75 109
75 116
75 119
75 121
75 122
75 123
75 125
75 131
75 139
75 141
75 149
75 158
75 160
75 162
75 165
75 166
75 173
75 180
75 187
76 1
76 7
76 21
76 35
76 37
76 39
76 43
76 44
76 45
76 47
76 61
76 66
76 69
76 71
76 109
76 112
76 120
76 123
76 130
76 136
76 140
76 141
76 161
76 167
76 173
76 191
76 192
76 194
77 3
77 8
77 11
77 17
77 28
77 31
77 32
77 36
77 38
77 39
77 59
77 65
77 85
77 94
77 98
77 103
77 112
77 129
77 135
77 144
77 145
77 157
77 173
77 174
77 176
77 177
77 185
77 192
78 1
78 5
78 10
78 13
78 27
78 33
78 34
78 36
78 40
78 42
78 43
78 45
78 54
78 55
78 58
78 61
78 64
78 70
78 73
78 74
78 80
78 81
78 85
78 86
78 89
78 100
78 101
78 102
78 107
78 113
78 114
78 116
78 120
78 126
78 130
78 131
78 136
78 139
78 142
78 152
78 171
78 172
78 175
78 181
79 8
79 10
79 14
79 25
79 31
79 32
79 36
79 44
79 48
79 59
79 63
79 81
79 85
79 108
79 110
79 127
79 143
79 144
79 152
79 156
79 166
79 167
79 173
79 179
79 182
79 198
80 3
80 4
80 17
80 18
80 22
80 24
80 34
80 36
80 42
80 58
80 62
80 67
80 82
80 95
80 98
80 103
80 112
80 113
80 122
80 138
80 147
80 157
80 161
80 170
80 174
80 178
80 180
81 3
81 5
81 6
81 19
81 32
81 37
81 43
81 56
81 59
81 65
81 73
81 79
81 93
81 98
81 102
81 105
81 110
81 119
81 125
81 127
81 130
81 131
81 159
81 160
81 162
81 176
81 178
81 195
82 17
82 19
82 26
82 32
82 35
82 43
82 46
82 48
82 64
82 75
82 79
82 95
82 102
82 111
82 113
82 122
82 127
82 130
82 143
82 145
82 162
82 163
82 167
82 181
82 184
82 185
82 187
82 191
82 192
83 1
83 17
83 19
83 45
83 54
83 57
83 62
83 68
83 69
83 75
83 80
83 86
83 88
83 93
83 95
83 105
83 106
83 116
83 125
83 135
83 162
83 172
83 195
84 5
84 19
84 36
84 39
84 44
84 59
84 60
84 61
84 72
84 75
84 78
84 86
84 93
84 97
84 105
84 131
84 136
84 141
84 147
84 149
84 150
84 153
84 156
84 169
84 180
84 181
84 183
84 191
84 192
84 199
85 4
85 15
85 20
85 28
85 31
85 38
85 40
85 48
85 58
85 66
85 67
85 75
85 78
85 81
85 82
85 83
85 84
85 87
85 91
85 94
85 110
85 111
85 126
85 127
85 133
85 140
85 150
85 151
85 157
85 187
85 188
86 2
86 8
86 13
86 22
86 26
86 27
86 39
86 44
86 60
86 64
86 76
86 82
86 90
86 92
86 93
86 97
86 100
86 111
86 112
86 133
86 143
86 144
86 147
86 156
86 161
86 164
86 171
86 184
86 186
86 189
86 190
86 193
86 199
87 0
87 1
87 2
87 6
87 10
87 17
87 20
87 39
87 45
87 50
87 53
87 54
87 84
87 86
87 88
87 90
87 103
87 109
87 116
87 129
87 131
87 134
87 144
87 146
87 161
87 168
87 170
87 186
87 187
87 191
87 199
88 2
88 15
88 18
88 32
88 34
88 40
88 47
88 49
88 52
88 58
88 66
88 69
88 71
88 75
88 77
88 80
88 82
88 90
88 91
88 100
88 120
88 122
88 124
88 128
88 163
88 166
88 171
88 172
88 175
88 186
88 195
88 199
89 12
89 17
89 26
89 28
89 42
89 53
89 68
89 74
89 76
89 88
89 93
89 115
89 116
89 134
89 138
89 140
89 151
89 154
89 162
89 165
89 173
89 174
89 180
89 184
89 197
90 0
90 10
90 16
90 31
90 36
90 44
90 46
90 47
90 50
90 54
90 61
90 64
90 73
90 79
90 85
90 93
90 97
90 100
90 110
90 159
90 162
90 186
90 194
90 199
91 13
91 15
91 21
91 33
91 34
91 39
91 43
91 48
91 50
91 53
91 55
91 65
91 69
91 75
91 94
91 102
91 106
91 109
91 119
91 120
91 127
91 128
91 129
91 130
91 132
91 136
91 137
91 145
91 151
91 152
91 153
91 156
91 178
91 179
91 181
91 183
91 194
92 4
92 6
92 30
92 36
92 38
92 55
92 67
92 75
92 95
92 100
92 123
92 124
92 129
92 130
92 132
92 145
92 150
92 152
92 162
92 168
92 170
92 172
92 192
92 199
93 0
93 2
93 12
93 14
93 28
93 35
93 41
93 51
93 58
93 65
93 69
93 72
93 91
93 94
93 108
93 109
93 115
93 123
93 129
93 148
93 153
93 155
93 159
93 160
93 163
93 164
93 166
93 182
93 184
93 185
93 190
93 191
93 192
93 195
93 197
94 8
94 21
94 33
94 40
94 43
94 56
94 59
94 60
94 62
94 67
94 100
94 119
94 121
94 125
94 132
94 147
94 151
94 167
94 171
94 172
94 173
94 177
94 179
94 180
94 186
94 193
94 195
94 198
95 0
95 1
95 5
95 9
95 11
95 16
95 19
95 25
95 35
95 38
95 57
95 61
95 64
95 67
95 78
95 79
95 82
95 86
95 90
95 98
95 99
95 105
95 111
95 116
95 130
95 133
95 135
95 144
95 145
95 153
95 162
95 169
95 176
95 184
95 190
95 191
96 14
96 22
96 31
96 33
96 35
96 46
96 64
96 66
96 67
96 74
96 78
96 79
96 80
96 84
96 85
96 86
96 93
96 108
96 125
96 127
96 129
96 132
96 134
96 149
96 160
96 167
96 171
96 173
96 190
96 198
97 12
97 15
97 20
97 29
97 30
97 35
97 36
97 40
97 47
97 48
97 74
97 77
97 96
97 100
97 105
97 108
97 109
97 119
97 120
97 125
97 135
97 137
97 145
97 150
97 151
97 157
97 160
97 165
97 185
97 187
98 16
98 24
98 42
98 53
98 54
98 72
98 74
98 97
98 100
98 112
98 125
98 135
98 143
98 144
98 150
98 151
98 158
98 169
98 177
98 178
98 188
98 197
98 199
99 14
99 15
99 17
99 18
99 20
99 36
99 37
99 39
99 41
99 44
99 48
99 49
99 56
99 60
99 73
99 74
99 99
99 119
99 121
99 132
99 143
99 149
99 153
99 156
99 161
99 165
99 180
99 195
99 198
100 0
100 6
100 8
100 13
100 18
100 28
100 36
100 40
100 49
100 58
100 81
100 86
100 92
100 94
100 98
100 100
100 104
100 121
100 125
100 126
100 137
100 140
100 142
100 143
100 154
100 157
100 158
100 169
100 180
100 184
100 185
100 191
101 1
101 2
101 9
101 10
101 12
101 18
101 19
101 24
101 27
101 29
101 44
101 46
101 60
101 65
101 66
101 67
101 73
101 75
101 79
101 83
101 85
101 90
101 98
101 105
101 116
101 122
101 128
101 136
101 140
101 145
101 153
101 162
101 174
101 180
101 184
101 195
102 0
102 3
102 12
102 13
102 18
102 20
102 22
102 31
102 38
102 42
102 43
102 48
102 51
102 54
102 59
102 72
102 73
102 77
102 82
102 86
102 90
102 91
102 92
102 94
102 102
102 115
102 118
102 123
102 125
102 126
102 136
102 137
102 143
102 146
102 151
102 162
102 165
102 170
102 175
102 180
102 182
102 193
103 6
103 11
103 16
103 17
103 24
103 31
103 33
103 43
103 45
103 46
103 48
103 49
103 63
103 64
103 74
103 77
103 82
103 97
103 99
103 103
103 112
103 115
103 133
103 134
103 139
103 144
103 158
103 162
103 171
103 184
103 189
104 0
104 2
104 7
104 8
104 27
104 53
104 64
104 65
104 67
104 74
104 81
104 88
104 99
104 100
104 107
104 114
104 115
104 120
104 121
104 129
104 131
104 137
104 146
104 149
104 160
104 163
104 174
104 182
104 183
104 186
104 196
104 199
105 4
105 11
105 15
105 27
105 37
105 43
105 51
105 54
105 56
105 59
105 60
105 61
105 68
105 69
105 81
105 93
105 94
105 101
105 103
105 104
105 106
105 109
105 111
105 116
105 124
105 126
105 132
105 134
105 135
105 136
105 138
105 165
105 177
105 181
105 189
106 3
106 5
106 14
106 22
106 23
106 27
106 39
106 51
106 52
106 56
106 60
106 62
106 64
106 71
106 72
106 83
106 93
106 95
106 100
106 102
106 103
106 109
106 112
106 114
106 119
106 122
106 124
106 135
106 149
106 158
106 160
106 162
106 163
106 164
106 179
106 187
106 194
106 197
107 0
107 9
107 11
107 15
107 21
107 34
107 42
107 45
107 50
107 52
107 58
107 59
107 74
107 84
107 86
107 87
107 92
107 93
107 94
107 100
107 114
107 122
107 125
107 140
107 141
107 153
107 158
107 176
107 177
107 181
107 187
107 193
108 7
108 27
108 34
108 58
108 68
108 72
108 86
108 107
108 113
108 126
108 129
108 159
108 178
109 1
109 3
109 24
109 27
109 28
109 37
109 46
109 51
109 52
109 57
109 59
109 63
109 66
109 88
109 93
109 94
109 97
109 98
109 101
109 102
109 108
109 109
109 133
109 140
109 142
109 147
109 152
109 153
109 158
109 190
109 193
109 199
110 1
110 19
110 26
110 33
110 34
110 37
110 59
110 63
110 67
110 68
110 70
110 79
110 81
110 82
110 87
110 89
110 93
110 103
110 106
110 110
110 111
110 114
110 118
110 124
110 126
110 139
110 144
110 150
110 159
110 166
110 179
110 180
110 186
110 195
110 198
111 0
111 5
111 6
111 9
111 23
111 36
111 46
111 52
111 54
111 62
111 76
111 79
111 96
111 100
111 129
111 130
111 132
111 136
111 141
111 144
111 145
111 147
111 149
111 153
111 156
111 168
111 169
111 171
111 187
111 194
112 4
112 7
112 17
112 23
112 25
112 30
112 34
112 42
112 52
112 59
112 61
112 67
112 69
112 70
112 77
112 80
112 83
112 87
112 101
112 104
112 107
112 112
112 116
112 118
112 128
112 136
112 140
112 151
112 162
112 163
112 188
113 0
113 13
113 20
113 30
113 40
113 42
113 47
113 48
113 58
113 63
113 64
113 67
113 73
113 76
113 77
113 81
113 104
113 107
113 110
113 111
113 144
113 154
113 161
113 165
113 169
113 177
113 180
113 190
113 192
113 194
113 196
114 1
114 2
114 7
114 10
114 11
114 17
114 18
114 19
114 22
114 26
114 32
114 33
114 34
114 40
114 42
114 52
114 54
114 56
114 64
114 66
114 87
114 98
114 101
114 102
114 103
114 107
114 114
114 122
114 123
114 127
114 132
114 133
114 145
114 158
114 159
114 162
114 163
114 176
114 178
114 182
114 183
114 193
114 194
115 1
115 2
115 19
115 30
115 31
115 33
115 35
115 75
115 77
115 83
115 85
115 106
115 117
115 118
115 123
115 126
115 127
115 137
115 145
115 151
115 152
115 154
115 156
115 173
115 177
115 180
115 182
115 184
115 189
115 192
115 193
115 195
116 0
116 22
116 30
116 38
116 42
116 48
116 60
116 62
116 66
116 67
116 69
116 72
116 78
116 85
116 90
116 92
116 94
116 102
116 105
116 108
116 120
116 121
116 129
116 131
116 133
116 134
116 138
116 140
116 145
116 157
116 167
116 180
116 181
116 183
116 194
117 14
117 18
117 30
117 31
117 35
117 41
117 42
117 46
117 48
117 61
117 75
117 91
117 94
117 97
117 101
117 108
117 116
117 120
117 147
117 153
117 158
117 169
117 171
117 173
117 185
117 191
118 0
118 10
118 16
118 25
118 42
118 48
118 62
118 77
118 83
118 87
118 107
118 115
118 125
118 136
118 159
118 164
118 170
118 175
118 176
118 188
118 190
118 199
119 3
119 7
119 17
119 20
119 22
119 25
119 26
119 32
119 33
119 35
119 41
119 48
119 53
119 64
119 72
119 74
119 79
119 81
119 83
119 91
119 98
119 100
119 110
119 146
119 149
119 151
119 160
119 164
119 167
119 169
119 178
119 189
119 196
120 4
120 8
120 31
120 37
120 46
120 49
120 52
120 60
120 64
120 74
120 80
120 84
120 92
120 101
120 109
120 112
120 116
120 126
120 130
120 132
120 138
120 139
120 149
120 151
120 153
120 157
120 164
120 172
120 173
120 179
120 181
120 184
120 185
120 189
120 194
121 8
121 11
121 12
121 13
121 18
121 44
121 49
121 74
121 79
121 84
121 87
121 89
121 92
121 96
121 98
121 106
121 115
121 126
121 130
121 133
121 135
121 140
121 145
121 153
121 156
121 165
121 166
121 167
121 174
121 177
121 187
121 188
121 193
121 197
121 199
122 1
122 4
122 20
122 26
122 39
122 55
122 74
122 76
122 77
122 92
122 94
122 96
122 108
122 133
122 143
122 148
122 157
122 160
122 163
122 167
122 173
122 177
122 180
122 181
122 186
123 11
123 17
123 25
123 30
123 38
123 55
123 61
123 66
123 71
123 72
123 85
123 91
123 94
123 98
123 107
123 117
123 128
123 131
123 134
123 135
123 141
123 147
123 149
123 154
123 175
123 178
123 179
123 185
123 197
124 5
124 11
124 18
124 29
124 30
124 32
124 38
124 60
124 67
124 71
124 77
124 78
124 79
124 82
124 83
124 89
124 93
124 107
124 109
124 114
124 120
124 135
124 137
124 138
124 143
124 155
124 156
124 157
124 162
124 165
124 170
124 182
125 0
125 4
125 7
125 11
125 21
125 23
125 26
125 30
125 31
125 35
125 40
125 43
125 45
125 57
125 61
125 64
125 66
125 71
125 84
125 85
125 97
125 108
125 113
125 116
125 121
125 123
125 127
125 147
125 148
125 149
125 151
125 156
125 163
125 164
125 174
125 176
125 177
125 179
125 180
125 181
125 182
125 188
126 4
126 7
126 11
126 12
126 13
126 18
126 21
126 24
126 33
126 41
126 54
126 57
126 68
126 71
126 84
126 89
126 91
126 92
126 97
126 107
126 110
126 115
126 116
126 121
126 128
126 131
126 136
126 140
126 148
126 151
126 163
126 172
126 175
126 178
126 179
126 186
126 188
126 193
126 195
126 198
127 2
127 10
127 11
127 12
127 13
127 24
127 33
127 38
127 43
127 58
127 65
127 69
127 72
127 73
127 74
127 77
127 80
127 95
127 98
127 121
127 127
127 143
127 144
127 148
127 152
127 156
127 165
127 168
127 174
127 177
127 193
127 196
128 6
128 10
128 12
128 25
128 29
128 31
128 36
128 48
128 53
128 54
128 67
128 70
128 86
128 96
128 100
128 121
128 128
128 132
128 144
128 145
128 146
128 150
128 153
128 186
128 188
128 193
128 198
129 3
129 10
129 13
129 34
129 40
129 42
129 45
129 47
129 48
129 51
129 52
129 53
129 59
129 62
129 68
129 71
129 76
129 80
129 82
129 83
129 105
129 118
129 127
129 129
129 141
129 143
129 167
129 170
129 171
129 184
129 190
129 193
129 196
130 1
130 16
130 23
130 26
130 30
130 33
130 54
130 64
130 69
130 71
130 83
130 85
130 86
130 90
130 96
130 99
130 105
130 123
130 169
130 170
130 172
130 177
130 179
130 184
130 193
130 195
131 10
131 14
131 15
131 19
131 23
131 25
131 26
131 37
131 39
131 41
131 42
131 50
131 58
131 59
131 62
131 78
131 80
131 89
131 90
131 94
131 106
131 108
131 113
131 115
131 117
131 129
131 148
131 154
131 166
131 170
131 172
131 174
131 175
131 176
131 180
131 181
131 190
131 195
131 196
131 198
132 8
132 14
132 15
132 18
132 39
132 42
132 43
132 44
132 58
132 64
132 66
132 72
132 75
132 86
132 87
132 88
132 95
132 106
132 107
132 114
132 116
132 118
132 119
132 128
132 129
132 132
132 133
132 144
132 145
132 152
132 159
132 160
132 164
132 167
132 168
132 181
132 184
132 186
132 187
132 191
132 193
133 18
133 23
133 24
133 32
133 38
133 47
133 51
133 54
133 55
133 59
133 75
133 88
133 94
133 105
133 111
133 117
133 122
133 123
133 128
133 133
133 138
133 165
133 172
133 174
133 178
133 185
133 192
133 194
133 197
134 9
134 12
134 13
134 17
134 33
134 36
134 44
134 45
134 46
134 48
134 67
134 70
134 71
134 74
134 92
134 102
134 114
134 115
134 118
134 125
134 126
134 127
134 129
134 134
134 158
134 163
134 170
134 176
134 179
134 182
134 191
135 4
135 16
135 31
135 37
135 42
135 48
135 59
135 69
135 76
135 80
135 81
135 82
135 84
135 91
135 99
135 103
135 108
135 109
135 112
135 116
135 119
135 123
135 134
135 156
135 169
135 171
135 172
135 184
135 189
136 17
136 28
136 30
136 33
136 45
136 46
136 48
136 52
136 56
136 57
136 69
136 72
136 74
136 83
136 92
136 98
136 99
136 102
136 111
136 119
136 127
136 128
136 145
136 155
136 156
136 158
136 160
136 162
136 165
136 167
136 182
136 191
136 197
137 6
137 15
137 20
137 22
137 24
137 26
137 41
137 45
137 57
137 58
137 68
137 70
137 76
137 87
137 95
137 100
137 102
137 106
137 108
137 112
137 116
137 118
137 122
137 136
137 140
137 150
137 178
137 183
137 184
137 188
137 189
137 194
137 196
138 3
138 10
138 11
138 14
138 19
138 20
138 38
138 40
138 61
138 87
138 89
138 100
138 101
138 105
138 110
138 113
138 117
138 121
138 153
138 159
138 160
138 161
138 173
138 175
138 179
138 181
138 185
138 187
138 188
138 193
138 194
139 1
139 3
139 6
139 21
139 22
139 25
139 34
139 39
139 53
139 55
139 59
139 69
139 76
139 93
139 96
139 97
139 111
139 112
139 113
139 119
139 122
139 123
139 129
139 136
139 137
139 142
139 148
139 183
139 185
139 192
139 196
140 4
140 8
140 10
140 15
140 16
140 26
140 28
140 29
140 34
140 35
140 39
140 41
140 45
140 70
140 71
140 73
140 74
140 77
140 79
140 81
140 88
140 91
140 93
140 94
140 99
140 106
140 109
140 112
140 114
140 120
140 128
140 148
140 154
140 155
140 158
140 168
140 173
140 189
140 190
140 192
141 1
141 3
141 8
141 18
141 22
141 28
141 29
141 33
141 40
141 45
141 53
141 57
141 64
141 75
141 78
141 82
141 86
141 89
141 94
141 103
141 109
141 111
141 113
141 129
141 141
141 154
141 159
141 162
141 171
141 177
141 178
141 179
141 181
141 183
141 184
141 185
141 192
141 195
142 0
142 10
142 24
142 28
142 35
142 43
142 57
142 62
142 78
142 85
142 89
142 93
142 107
142 108
142 112
142 126
142 128
142 131
142 138
142 143
142 149
142 169
142 170
142 172
142 173
142 188
142 191
143 6
143 9
143 18
143 20
143 21
143 24
143 29
143 37
143 41
143 45
143 56
143 59
143 60
143 61
143 68
143 95
143 99
143 107
143 111
143 112
143 113
143 117
143 129
143 135
143 136
143 142
143 146
143 151
143 152
143 155
143 171
143 185
143 189
143 191
143 193
143 198
144 3
144 4
144 5
144 9
144 11
144 22
144 33
144 34
144 35
144 39
144 46
144 56
144 62
144 65
144 73
144 76
144 81
144 90
144 96
144 107
144 109
144 118
144 128
144 130
144 144
144 145
144 148
144 154
144 159
144 161
144 162
144 170
144 172
144 174
144 179
144 184
144 190
144 192
145 4
145 12
145 34
145 46
145 54
145 57
145 59
145 60
145 64
145 78
145 84
145 88
145 93
145 98
145 107
145 118
145 124
145 130
145 136
145 139
145 140
145 146
145 149
145 158
145 159
145 161
145 166
145 168
145 172
145 179
145 180
146 4
146 17
146 19
146 21
146 55
146 70
146 72
146 80
146 83
146 86
146 96
146 100
146 103
146 106
146 110
146 133
146 136
146 139
146 140
146 181
146 188
146 190
146 193
147 7
147 14
147 34
147 41
147 55
147 56
147 57
147 67
147 76
147 85
147 96
147 99
147 114
147 119
147 121
147 129
147 134
147 135
147 136
147 138
147 149
147 150
147 153
147 168
147 171
147 184
147 188
147 192
147 198
147 199
148 16
148 21
148 24
148 26
148 32
148 37
148 42
148 45
148 71
148 77
148 87
148 95
148 99
148 101
148 112
148 117
148 121
148 122
148 125
148 126
148 137
148 140
148 143
148 149
148 154
148 156
148 159
148 168
148 169
148 171
148 176
148 180
148 183
148 189
148 190
148 192
149 19
149 30
149 36
149 38
149 43
149 45
149 54
149 69
149 85
149 87
149 89
149 92
149 100
149 102
149 114
149 116
149 121
149 126
149 130
149 143
149 144
149 149
149 153
149 157
149 158
149 170
149 177
149 178
149 181
149 192
149 193
150 2
150 4
150 25
150 31
150 36
150 42
150 57
150 59
150 67
150 68
150 78
150 84
150 87
150 90
150 107
150 115
150 120
150 133
150 134
150 139
150 145
150 159
150 163
150 173
150 177
150 192
151 1
151 4
151 14
151 16
151 18
151 19
151 26
151 36
151 38
151 45
151 51
151 62
151 63
151 67
151 80
151 82
151 83
151 88
151 94
151 98
151 107
151 125
151 127
151 129
151 132
151 133
151 137
151 146
151 161
151 163
151 168
151 175
151 179
151 197
151 199
152 0
152 13
152 26
152 62
152 63
152 64
152 67
152 69
152 77
152 87
152 90
152 92
152 93
152 97
152 101
152 103
152 107
152 110
152 122
152 125
152 132
152 139
152 142
152 143
152 144
152 156
152 168
152 170
152 172
152 176
152 178
152 181
152 183
152 186
152 193
152 197
152 198
153 2
153 16
153 27
153 32
153 49
153 55
153 59
153 60
153 69
153 85
153 89
153 91
153 102
153 104
153 105
153 114
153 120
153 123
153 130
153 144
153 145
153 152
153 156
153 159
153 163
153 173
153 180
153 183
153 188
153 189
153 194
154 4
154 18
154 21
154 24
154 25
154 27
154 38
154 54
154 57
154 73
154 78
154 81
154 90
154 96
154 100
154 107
154 119
154 129
154 140
154 146
154 147
154 148
154 152
154 157
154 161
154 176
154 181
154 182
154 183
154 187
155 18
155 30
155 37
155 38
155 39
155 40
155 46
155 49
155 50
155 55
155 57
155 62
155 77
155 78
155 85
155 86
155 88
155 95
155 97
155 132
155 135
155 139
155 140
155 141
155 145
155 150
155 152
155 159
155 167
155 172
155 179
155 184
155 188
155 192
156 3
156 13
156 14
156 26
156 29
156 33
156 50
156 57
156 70
156 74
156 76
156 79
156 82
156 95
156 96
156 104
156 132
156 136
156 149
156 158
156 162
156 169
156 170
156 180
157 12
157 42
157 46
157 55
157 60
157 74
157 78
157 79
157 82
157 87
157 95
157 101
157 103
157 104
157 108
157 112
157 113
157 119
157 122
157 126
157 129
157 141
157 150
157 151
157 154
157 156
157 162
157 176
157 190
157 194
158 3
158 12
158 17
158 18
158 22
158 25
158 34
158 36
158 37
158 44
158 47
158 50
158 51
158 61
158 76
158 84
158 86
158 96
158 102
158 117
158 120
158 126
158 138
158 141
158 171
158 175
158 177
158 181
158 188
158 198
159 2
159 9
159 11
159 27
159 31
159 39
159 40
159 44
159 45
159 49
159 53
159 58
159 70
159 75
159 81
159 85
159 86
159 89
159 93
159 119
159 120
159 125
159 126
159 134
159 141
159 151
159 160
159 164
159 168
159 169
159 171
159 174
159 180
159 187
159 195
159 197
160 11
160 37
160 38
160 40
160 54
160 57
160 66
160 68
160 69
160 70
160 78
160 84
160 92
160 109
160 117
160 118
160 147
160 150
160 152
160 154
160 167
160 179
160 181
160 185
160 188
160 192
160 197
161 1
161 4
161 30
161 57
161 70
161 71
161 76
161 82
161 86
161 92
161 107
161 111
161 115
161 117
161 126
161 130
161 144
161 146
161 148
161 169
161 177
161 181
161 183
161 188
161 189
161 196
161 199
162 1
162 11
162 19
162 22
162 25
162 26
162 28
162 37
162 40
162 53
162 59
162 61
162 63
162 64
162 68
162 83
162 89
162 91
162 93
162 103
162 104
162 106
162 125
162 126
162 138
162 143
162 151
162 167
162 169
163 2
163 3
163 10
163 25
163 52
163 57
163 65
163 89
163 105
163 123
163 128
163 150
163 153
163 168
163 169
163 181
163 186
164 6
164 8
164 14
164 16
164 22
164 35
164 38
164 42
164 47
164 49
164 56
164 57
164 69
164 73
164 85
164 87
164 89
164 99
164 106
164 120
164 121
164 130
164 146
164 153
164 154
164 169
164 180
164 182
164 185
164 187
165 11
165 16
165 22
165 25
165 35
165 42
165 49
165 58
165 63
165 65
165 75
165 78
165 82
165 90
165 91
165 93
165 95
165 98
165 100
165 101
165 109
165 110
165 120
165 123
165 134
165 139
165 140
165 141
165 142
165 146
165 157
165 162
165 176
165 178
165 179
165 183
165 188
165 193
165 195
165 198
166 7
166 33
166 36
166 37
166 39
166 53
166 54
166 55
166 62
166 73
166 84
166 85
166 88
166 91
166 98
166 108
166 118
166 138
166 141
166 142
166 144
166 152
166 165
166 176
166 182
166 186
166 195
167 2
167 6
167 7
167 13
167 25
167 33
167 49
167 51
167 53
167 58
167 66
167 68
167 69
167 74
167 76
167 81
167 82
167 91
167 110
167 115
167 117
167 131
167 136
167 137
167 141
167 146
167 154
167 165
167 170
167 179
167 185
167 188
167 192
168 2
168 20
168 22
168 24
168 26
168 27
168 59
168 61
168 69
168 71
168 73
168 76
168 84
168 102
168 104
168 136
168 145
168 152
168 155
168 156
168 157
168 160
168 163
168 170
168 182
169 1
169 9
169 19
169 25
169 32
169 33
169 40
169 42
169 43
169 60
169 72
169 74
169 77
169 85
169 93
169 110
169 115
169 116
169 117
169 124
169 131
169 134
169 144
169 149
169 150
169 153
169 154
169 174
169 178
169 179
169 180
169 181
169 190
170 8
170 20
170 24
170 25
170 28
170 39
170 40
170 42
170 43
170 50
170 67
170 77
170 80
170 89
170 90
170 107
170 110
170 116
170 130
170 132
170 139
170 144
170 157
170 163
170 168
170 184
171 19
171 29
171 40
171 52
171 55
171 59
171 60
171 66
171 68
171 72
171 78
171 88
171 92
171 105
171 108
171 109
171 115
171 119
171 122
171 125
171 128
171 129
171 149
171 158
171 165
171 166
171 167
171 172
171 179
171 181
171 186
171 194
172 1
172 2
172 13
172 28
172 40
172 47
172 62
172 63
172 64
172 65
172 66
172 72
172 73
172 74
172 76
172 82
172 83
172 90
172 91
172 101
172 107
172 111
172 113
172 115
172 117
172 126
172 143
172 162
172 166
172 167
173 0
173 2
173 7
173 9
173 14
173 17
173 27
173 35
173 39
173 40
173 50
173 54
173 66
173 70
173 73
173 74
173 77
173 84
173 103
173 108
173 112
173 117
173 118
173 120
173 125
173 151
173 159
173 161
173 163
173 167
173 175
173 188
173 194
174 46
174 75
174 81
174 82
174 87
174 98
174 103
174 110
174 111
174 116
174 117
174 134
174 136
174 140
174 157
174 185
174 187
175 14
175 21
175 23
175 33
175 38
175 42
175 50
175 58
175 65
175 75
175 78
175 97
175 110
175 112
175 117
175 120
175 130
175 137
175 139
175 144
175 145
175 151
175 153
175 159
175 164
175 168
175 169
175 172
175 173
175 180
175 181
175 187
175 191
175 193
175 199
176 0
176 8
176 10
176 14
176 15
176 18
176 19
176 29
176 36
176 46
176 53
176 64
176 74
176 102
176 108
176 110
176 124
176 129
176 139
176 149
176 151
176 160
176 169
176 170
176 171
176 185
176 193
176 195
177 0
177 1
177 5
177 7
177 15
177 37
177 38
177 39
177 41
177 43
177 47
177 51
177 60
177 72
177 81
177 82
177 87
177 90
177 93
177 104
177 107
177 112
177 113
177 129
177 132
177 140
177 154
177 163
177 164
177 169
177 172
177 180
177 182
177 183
177 192
177 196
178 1
178 2
178 13
178 20
178 25
178 27
178 28
178 39
178 48
178 49
178 51
178 64
178 67
178 73
178 77
178 81
178 82
178 86
178 90
178 94
178 100
178 111
178 119
178 131
178 135
178 136
178 152
178 168
178 172
178 185
178 195
179 2
179 29
179 35
179 37
179 47
179 51
179 58
179 66
179 77
179 83
179 99
179 106
179 124
179 143
179 149
179 154
179 161
179 169
179 181
179 182
179 193
179 198
180 3
180 5
180 16
180 17
180 21
180 24
180 36
180 39
180 47
180 52
180 59
180 70
180 75
180 79
180 93
180 95
180 100
180 101
180 102
180 104
180 105
180 110
180 127
180 131
180 133
180 135
180 149
180 150
180 160
180 162
180 164
180 165
180 166
180 168
180 170
180 176
180 180
180 189
180 190
180 192
181 3
181 24
181 30
181 41
181 42
181 53
181 56
181 58
181 61
181 62
181 63
181 67
181 69
181 71
181 78
181 83
181 92
181 101
181 104
181 105
181 131
181 143
181 145
181 149
181 150
181 169
181 177
181 179
181 195
182 1
182 15
182 25
182 31
182 52
182 54
182 59
182 81
182 83
182 86
182 87
182 88
182 90
182 110
182 122
182 138
182 139
182 147
182 148
182 157
182 173
182 174
182 180
182 186
182 192
183 6
183 7
183 8
183 10
183 11
183 14
183 25
183 33
183 43
183 44
183 47
183 50
183 59
183 61
183 62
183 69
183 71
183 73
183 82
183 92
183 97
183 101
183 112
183 121
183 123
183 130
183 140
183 141
183 148
183 149
183 150
183 154
183 165
183 175
183 197
184 12
184 15
184 21
184 27
184 32
184 35
184 36
184 37
184 39
184 42
184 44
184 59
184 60
184 70
184 77
184 81
184 88
184 94
184 102
184 104
184 105
184 107
184 130
184 136
184 140
184 141
184 146
184 152
184 169
184 183
184 184
184 188
184 193
184 197
184 198
185 2
185 11
185 43
185 44
185 49
185 51
185 57
185 60
185 70
185 73
185 74
185 88
185 93
185 110
185 111
185 113
185 117
185 118
185 140
185 152
185 161
185 162
185 164
185 168
185 171
185 172
185 173
185 177
185 178
185 185
185 189
185 190
186 3
186 10
186 20
186 25
186 29
186 39
186 45
186 58
186 60
186 63
186 65
186 70
186 72
186 74
186 84
186 87
186 89
186 106
186 109
186 139
186 140
186 147
186 163
186 179
186 180
186 194
186 199
187 6
187 27
187 31
187 40
187 44
187 45
187 54
187 58
187 82
187 99
187 103
187 104
187 105
187 108
187 110
187 120
187 130
187 149
187 151
187 157
187 167
187 171
187 182
187 192
187 197
188 16
188 21
188 36
188 40
188 42
188 46
188 80
188 98
188 109
188 119
188 133
188 139
188 144
188 153
188 161
188 165
188 169
188 175
188 176
188 186
188 189
189 16
189 21
189 22
189 23
189 47
189 50
189 71
189 74
189 79
189 82
189 83
189 88
189 94
189 96
189 113
189 123
189 126
189 128
189 146
189 155
189 164
189 165
189 176
189 178
189 195
190 2
190 21
190 33
190 36
190 37
190 41
190 59
190 62
190 63
190 64
190 78
190 79
190 83
190 85
190 92
190 100
190 116
190 120
190 125
190 128
190 133
190 134
190 141
190 147
190 155
190 169
190 170
190 171
190 175
190 180
190 188
190 194
191 2
191 8
191 12
191 15
191 17
191 27
191 28
191 30
191 39
191 50
191 51
191 53
191 55
191 59
191 62
191 70
191 72
191 86
191 88
191 89
191 92
191 93
191 96
191 97
191 98
191 106
191 116
191 122
191 133
191 145
191 146
191 150
191 151
191 155
191 164
191 174
191 191
192 4
192 6
192 7
192 11
192 20
192 24
192 26
192 35
192 42
192 45
192 47
192 48
192 51
192 60
192 61
192 67
192 70
192 73
192 74
192 75
192 78
192 83
192 84
192 86
192 95
192 98
192 103
192 104
192 112
192 127
192 131
192 133
192 135
192 145
192 149
192 173
192 176
192 178
192 193
192 196
193 16
193 22
193 23
193 29
193 61
193 63
193 68
193 75
193 76
193 87
193 89
193 90
193 97
193 106
193 113
193 116
193 122
193 123
193 124
193 131
193 137
193 145
193 148
193 154
193 157
193 158
193 159
193 164
193 168
193 179
193 184
193 185
193 190
194 5
194 9
194 17
194 21
194 36
194 37
194 40
194 45
194 48
194 66
194 71
194 75
194 79
194 84
194 90
194 92
194 106
194 110
194 113
194 122
194 125
194 133
194 142
194 148
194 154
194 156
194 158
194 166
194 168
194 176
194 180
194 193
194 198
195 2
195 4
195 10
195 12
195 14
195 27
195 31
195 33
195 40
195 48
195 49
195 60
195 63
195 86
195 93
195 95
195 101
195 106
195 120
195 123
195 133
195 149
195 150
195 158
195 166
195 188
195 194
196 4
196 6
196 12
196 18
196 20
196 33
196 39
196 45
196 56
196 59
196 63
196 67
196 68
196 71
196 73
196 81
196 100
196 103
196 113
196 116
196 129
196 134
196 135
196 137
196 140
196 179
196 188
197 9
197 10
197 14
197 21
197 27
197 30
197 32
197 34
197 49
197 53
197 63
197 68
197 73
197 77
197 79
197 86
197 87
197 88
197 93
197 97
197 104
197 109
197 122
197 126
197 141
197 145
197 167
197 172
197 182
197 187
197 190
198 2
198 6
198 8
198 9
198 17
198 31
198 48
198 50
198 70
198 89
198 109
198 110
198 122
198 124
198 126
198 136
198 146
198 147
198 148
198 149
198 161
198 167
198 168
198 176
198 187
198 195
198 199
199 0
199 1
199 11
199 12
199 17
199 18
199 22
199 29
199 32
199 33
199 36
199 50
199 56
199 67
199 72
199 86
199 106
199 107
199 112
199 113
199 123
199 132
199 141
199 142
199 145
199 155
199 162
199 172
199 175
199 181
199 190
199 197
199 199
