100 85 1291 12405
454 203 196 251 86 474 392 41 400 239 476 509 419 237 211 28 135 461 385 419 121 381 423 385 331 477 107 80 153 390 150 181 220 163 328 408 304 168 223 461 108 190 216 238 295 275 294 182 140 478 506 319 394 63 328 157 85 192 53 88 184 287 491 74 367 473 203 147 360 290 423 415 441 213 310 404 265 520 284 336 390 353 488 226 63 383 224 371 374 39 410 464 364 318 292 398 506 97 513 161 
182 126 317 243 75 70 121 282 22 203 68 92 324 129 103 211 294 194 52 274 140 58 221 205 29 251 154 231 61 77 303 175 71 189 282 301 152 171 109 192 219 87 70 61 199 237 42 99 319 269 36 40 329 126 165 329 197 129 163 133 177 173 299 151 136 97 319 151 150 173 115 104 318 117 261 148 90 161 235 198 285 179 242 31 282 
0 3
0 6
0 15
0 19
0 26
0 30
0 31
0 32
0 36
0 38
0 40
0 49
0 59
0 62
0 65
0 68
0 73
0 80
0 81
1 0
1 2
1 5
1 8
1 24
1 27
1 32
1 43
1 47
1 51
1 53
1 54
1 57
1 67
1 71
1 73
1 75
1 76
1 80
2 8
2 31
2 39
2 41
2 45
2 47
2 50
2 51
2 54
2 56
2 68
2 69
2 84
3 2
3 6
3 10
3 18
3 20
3 22
3 45
3 57
3 61
3 64
3 67
3 73
3 74
3 75
4 0
4 1
4 6
4 8
4 14
4 23
4 36
4 40
4 58
4 72
4 74
4 75
4 80
5 0
5 2
5 8
5 9
5 12
5 14
5 18
5 28
5 31
5 35
5 42
5 45
5 46
5 49
6 0
6 4
6 10
6 13
6 24
6 25
6 38
6 42
6 47
6 48
6 51
6 53
6 54
7 2
7 11
7 26
7 28
7 39
7 41
7 42
7 48
7 51
7 55
7 57
7 63
7 68
7 80
7 81
8 5
8 9
8 24
8 35
8 38
8 59
8 62
8 65
8 74
8 80
8 83
9 5
9 9
9 11
9 22
9 27
9 30
9 45
9 64
9 67
9 74
9 77
10 2
10 7
10 9
10 10
10 16
10 25
10 29
10 32
10 33
10 39
10 42
10 57
10 61
10 68
10 75
10 76
11 6
11 7
11 10
11 12
11 14
11 16
11 28
11 32
11 46
11 49
11 53
11 56
11 58
11 62
11 63
11 66
11 68
11 71
11 76
11 83
11 84
12 2
12 6
12 9
12 16
12 17
12 19
12 24
12 25
12 27
12 33
12 36
12 38
12 40
12 42
12 47
12 57
12 66
12 68
12 69
12 79
12 83
12 84
13 1
13 16
13 17
13 18
13 19
13 45
13 57
13 72
13 80
14 4
14 5
14 9
14 20
14 43
14 61
14 62
14 64
14 80
15 4
15 10
15 11
15 23
15 32
15 37
15 39
15 42
15 51
15 75
16 2
16 10
16 14
16 43
16 47
16 56
16 59
16 61
16 71
16 82
17 0
17 2
17 18
17 41
17 45
17 48
17 54
17 57
17 62
17 66
17 69
17 72
17 73
17 74
18 0
18 2
18 17
18 20
18 21
18 34
18 38
18 41
18 56
18 57
18 58
18 74
19 2
19 17
19 21
19 22
19 26
19 29
19 32
19 36
19 40
19 43
19 47
19 51
19 53
19 78
19 80
19 82
20 6
20 10
20 16
20 21
20 24
20 28
20 38
20 40
20 41
20 45
20 53
20 60
20 62
20 69
20 70
20 81
20 83
21 0
21 1
21 4
21 9
21 13
21 14
21 22
21 25
21 28
21 30
21 31
21 34
21 39
21 42
21 48
21 50
21 52
21 59
21 64
21 69
21 71
21 77
21 78
21 84
22 0
22 3
22 4
22 5
22 20
22 28
22 34
22 35
22 48
22 50
22 68
22 77
23 4
23 14
23 24
23 27
23 32
23 36
23 41
23 46
23 47
23 49
23 56
23 57
23 66
23 69
23 71
23 72
23 74
23 78
24 2
24 3
24 7
24 11
24 14
24 35
24 42
24 43
24 52
24 53
24 56
24 75
24 83
25 11
25 12
25 18
25 24
25 28
25 38
25 77
26 1
26 7
26 13
26 16
26 20
26 28
26 37
26 48
26 50
26 55
26 56
26 59
26 61
26 74
26 83
27 1
27 17
27 36
27 37
27 38
27 43
27 47
27 50
27 52
27 60
27 67
27 69
27 72
27 75
27 77
27 79
27 81
27 84
28 4
28 13
28 19
28 35
28 44
28 53
28 57
28 64
28 68
28 69
28 70
28 83
29 14
29 26
29 32
29 47
29 48
29 72
29 78
29 81
29 83
29 84
30 10
30 22
30 23
30 45
30 56
30 58
30 62
30 67
30 73
31 3
31 11
31 12
31 13
31 25
31 49
31 54
31 59
31 62
31 72
31 74
31 78
31 82
32 0
32 9
32 13
32 51
32 69
32 73
32 75
32 76
32 77
32 82
32 84
33 4
33 8
33 14
33 24
33 25
33 31
33 45
33 49
33 50
33 53
33 57
33 64
33 82
33 83
34 1
34 8
34 45
34 56
34 62
34 64
35 5
35 11
35 12
35 16
35 18
35 30
35 38
35 39
35 41
35 61
35 66
35 67
35 68
35 71
36 1
36 3
36 7
36 11
36 24
36 31
36 34
36 37
36 49
36 66
36 80
37 6
37 8
37 19
37 31
37 33
37 34
37 45
37 46
37 55
37 67
37 77
38 7
38 14
38 19
38 42
38 50
38 57
38 58
38 66
38 68
38 69
38 79
39 8
39 21
39 24
39 35
39 44
39 46
39 58
39 67
39 68
39 71
39 75
40 3
40 7
40 10
40 14
40 21
40 29
40 31
40 32
40 46
40 48
40 52
40 57
40 62
40 64
40 72
40 76
40 77
41 0
41 7
41 10
41 12
41 16
41 34
41 37
41 40
41 42
41 51
41 52
41 54
41 59
41 74
41 75
41 84
42 7
42 11
42 18
42 22
42 34
42 39
42 44
42 55
42 57
42 59
42 61
42 73
42 74
42 81
43 2
43 7
43 33
43 35
43 36
43 37
43 39
43 46
43 62
43 67
43 68
43 69
43 71
43 73
43 74
43 79
43 80
43 81
43 82
44 1
44 6
44 16
44 20
44 32
44 34
44 39
44 41
44 45
44 50
44 55
44 57
44 58
44 73
44 77
45 2
45 6
45 16
45 22
45 26
45 29
45 30
45 36
45 44
45 49
45 54
45 66
45 72
45 82
46 2
46 4
46 7
46 11
46 14
46 15
46 19
46 22
46 25
46 33
46 40
46 41
46 49
46 53
46 58
46 59
46 66
46 70
46 75
47 6
47 16
47 20
47 26
47 42
47 51
47 61
47 66
47 73
47 83
48 0
48 3
48 7
48 12
48 13
48 22
48 24
48 25
48 38
48 43
48 55
48 67
48 84
49 5
49 6
49 9
49 17
49 18
49 28
49 39
49 55
49 57
49 64
49 66
49 71
49 72
49 76
49 77
49 82
50 1
50 3
50 6
50 7
50 8
50 23
50 25
50 32
50 41
50 44
50 53
50 54
50 64
50 66
50 69
50 71
50 77
50 80
51 7
51 18
51 19
51 20
51 22
51 34
51 51
51 56
51 60
51 72
51 78
52 10
52 26
52 36
52 43
52 51
52 54
52 58
52 60
52 76
53 5
53 6
53 10
53 11
53 40
53 48
53 50
53 53
53 55
53 63
53 81
54 4
54 6
54 15
54 34
54 42
54 55
54 63
54 65
54 72
55 0
55 8
55 16
55 42
55 51
55 58
55 66
55 67
55 69
55 70
55 73
55 78
56 2
56 10
56 11
56 14
56 42
56 50
56 57
56 58
56 77
56 78
56 81
56 83
57 1
57 10
57 11
57 16
57 20
57 22
57 37
57 39
57 40
57 55
57 59
57 61
57 62
57 64
57 69
57 74
57 78
58 21
58 35
58 42
58 44
58 45
58 47
58 60
58 68
58 73
58 80
58 83
59 5
59 11
59 13
59 20
59 35
59 40
59 42
59 55
60 1
60 6
60 19
60 21
60 42
60 55
60 58
60 63
60 70
60 74
60 75
60 84
61 1
61 7
61 14
61 25
61 30
61 44
61 55
61 69
61 76
62 2
62 7
62 15
62 19
62 26
62 27
62 57
62 59
62 63
62 65
62 71
62 76
62 77
62 82
63 17
63 32
63 45
63 77
64 1
64 2
64 11
64 27
64 29
64 40
64 45
64 54
64 67
64 69
64 77
64 84
65 2
65 14
65 43
65 44
65 50
65 52
65 53
65 63
65 64
65 71
65 73
66 2
66 25
66 29
66 35
66 37
66 38
66 39
66 44
66 50
66 52
66 58
66 59
66 72
67 6
67 40
67 42
67 46
67 54
67 67
68 11
68 29
68 32
68 42
68 43
68 48
68 49
68 76
68 82
69 4
69 7
69 10
69 21
69 35
69 37
69 38
69 46
69 50
69 51
69 55
69 76
70 3
70 12
70 15
70 20
70 52
70 55
70 60
70 83
71 3
71 5
71 13
71 22
71 23
71 24
71 25
71 27
71 49
71 51
71 52
71 55
71 66
71 82
71 83
72 0
72 6
72 16
72 20
72 22
72 23
72 25
72 26
72 30
72 35
72 36
72 42
72 52
72 55
72 76
72 82
72 84
73 4
73 19
73 40
73 44
73 51
73 60
73 63
73 70
73 72
73 78
74 3
74 11
74 37
74 38
74 49
74 52
74 53
74 54
74 61
74 63
74 65
74 66
74 84
75 2
75 3
75 4
75 5
75 11
75 20
75 21
75 30
75 33
75 39
75 45
75 65
75 82
76 1
76 16
76 20
76 34
76 42
76 44
76 67
76 71
76 75
76 81
77 8
77 24
77 30
77 32
77 37
77 49
77 51
77 57
77 59
77 64
77 69
78 6
78 13
78 15
78 17
78 18
78 22
78 23
78 28
78 32
78 44
78 53
78 56
78 57
78 62
78 63
78 64
78 67
78 77
78 79
79 23
79 31
79 34
79 51
79 70
79 73
80 0
80 1
80 5
80 12
80 18
80 27
80 28
80 41
80 42
80 60
80 64
80 66
80 67
80 71
80 82
81 15
81 16
81 22
81 24
81 27
81 28
81 30
81 41
81 43
81 48
81 80
82 3
82 13
82 33
82 42
82 51
82 54
82 59
82 71
82 78
83 0
83 3
83 9
83 14
83 23
83 24
83 32
83 41
83 42
83 58
83 65
83 68
83 79
84 2
84 34
84 48
84 68
84 70
84 72
84 83
85 6
85 12
85 16
85 34
85 36
85 38
85 47
85 49
85 54
85 55
85 56
85 57
85 59
85 72
85 78
85 80
86 4
86 21
86 28
86 30
86 33
86 37
86 42
86 45
86 48
86 49
86 58
86 61
86 62
86 65
86 66
86 79
87 5
87 9
87 10
87 13
87 18
87 21
87 36
87 46
87 50
87 70
87 79
88 2
88 3
88 26
88 30
88 44
88 48
88 49
88 52
88 61
88 64
88 79
89 8
89 18
89 46
89 47
89 52
89 59
89 67
89 71
89 76
89 77
89 78
89 81
90 4
90 15
90 21
90 23
90 24
90 31
90 49
90 50
90 52
90 70
90 72
90 73
90 82
91 15
91 19
91 26
91 27
91 30
91 33
91 39
91 43
91 47
91 48
91 49
91 55
91 63
91 67
91 69
92 3
92 7
92 8
92 10
92 22
92 23
92 47
92 64
92 66
93 0
93 6
93 16
93 21
93 29
93 32
93 34
93 37
93 38
93 44
93 52
93 55
93 71
93 72
93 73
93 74
93 82
94 0
94 2
94 4
94 7
94 13
94 17
94 25
94 31
94 32
94 33
94 40
94 48
94 52
94 53
94 65
94 78
94 83
95 0
95 11
95 15
95 26
95 33
95 35
95 38
95 41
95 44
95 48
95 60
95 63
95 70
95 73
96 1
96 4
96 19
96 22
96 46
96 47
96 49
96 54
96 56
96 57
96 58
96 65
96 66
96 68
96 69
96 70
96 71
96 77
96 81
97 3
97 6
97 7
97 8
97 26
97 29
97 33
97 45
97 67
98 3
98 7
98 17
98 29
98 35
98 56
98 57
98 60
98 65
98 71
98 72
98 73
98 79
99 3
99 7
99 17
99 28
99 44
99 50
99 53
99 67
99 69
99 81
99 83
